 	Channel 4	 	 
Time	Value	Cmt Time	Cmt Text
s	V	s	 
923.6817	1.0	922.0	C
923.88825	1.0	922.0	C
923.938	0.0	922.0	C
924.1497	1.0	922.0	C
924.1734	1.0	922.0	C
924.2608	1.0	922.0	C
924.5805	0.0	922.0	C
926.5786	1.0	922.0	C
927.06375	0.0	922.0	C
927.2392	0.0	922.0	C
927.86735	1.0	922.0	C
927.9492	1.0	922.0	C
928.07925	1.0	922.0	C
928.1629	1.0	922.0	C
928.5266	1.0	922.0	C
929.0502	1.0	922.0	C
929.0922	1.0	922.0	C
929.14875	1.0	922.0	C
930.88495	0.0	922.0	C
931.3676	1.0	922.0	C
939.25665	0.0	922.0	C
941.72385	1.0	940.9025	G
942.09755	0.0	940.9025	G
943.01225	1.0	940.9025	G
943.23315	0.0	940.9025	G
943.27375	1.0	940.9025	G
943.40055	1.0	940.9025	G
944.3981	1.0	940.9025	G
945.03625	1.0	940.9025	G
945.4143	1.0	940.9025	G
945.73075	1.0	940.9025	G
946.00695	1.0	940.9025	G
946.25995	1.0	940.9025	G
947.12125	1.0	940.9025	G
948.9384	1.0	940.9025	G
950.4242	1.0	940.9025	G
950.45465	1.0	940.9025	G
950.4835	1.0	940.9025	G
950.54505	1.0	940.9025	G
950.5781	1.0	940.9025	G
950.64355	1.0	940.9025	G
950.675	1.0	940.9025	G
951.08915	1.0	940.9025	G
951.22855	1.0	940.9025	G
951.76755	0.0	940.9025	G
955.65165	0.0	940.9025	G
955.94625	0.0	940.9025	G
962.88775	1.0	959.7	A
965.74305	1.0	959.7	A
966.9042	0.0	959.7	A
969.9062	0.0	959.7	A
980.0299	1.0	979.0	S
980.0999	1.0	979.0	S
980.2383	1.0	979.0	S
980.86905	1.0	979.0	S
981.0109	1.0	979.0	S
982.7791	1.0	979.0	S
983.47875	1.0	979.0	S
983.65305	1.0	979.0	S
984.0358	1.0	979.0	S
984.23765	1.0	979.0	S
984.35175	0.0	979.0	S
984.4667	1.0	979.0	S
984.54445	1.0	979.0	S
984.6222	1.0	979.0	S
984.7688	1.0	979.0	S
984.80755	1.0	979.0	S
985.07675	1.0	979.0	S
986.79695	1.0	979.0	S
986.95755	1.0	979.0	S
987.09295	1.0	979.0	S
987.31655	0.0	979.0	S
989.0283	1.0	979.0	S
989.06845	1.0	979.0	S
989.2545	1.0	979.0	S
989.4181	1.0	979.0	S
989.46045	1.0	979.0	S
989.49705	1.0	979.0	S
989.5877	1.0	979.0	S
991.81745	1.0	979.0	S
1000.9156	0.0	999.6	L
1000.95	1.0	999.6	L
1001.0972	0.0	999.6	L
1001.38765	0.0	999.6	L
1001.6716	1.0	999.6	L
1001.70365	1.0	999.6	L
1001.73285	1.0	999.6	L
1001.795	1.0	999.6	L
1001.8341	1.0	999.6	L
1001.8803	1.0	999.6	L
1001.92565	1.0	999.6	L
1002.05765	1.0	999.6	L
1002.17325	1.0	999.6	L
1002.2225	1.0	999.6	L
1002.2784	1.0	999.6	L
1002.78255	1.0	999.6	L
1002.87035	1.0	999.6	L
1002.92235	1.0	999.6	L
1003.28595	1.0	999.6	L
1003.6422	1.0	999.6	L
1003.67185	1.0	999.6	L
1004.43025	1.0	999.6	L
1004.5933	1.0	999.6	L
1005.2599	0.0	999.6	L
1006.0414	1.0	999.6	L
1006.1213	1.0	999.6	L
1006.24015	0.0	999.6	L
1006.2635	1.0	999.6	L
1006.7512	1.0	999.6	L
1006.78755	1.0	999.6	L
1006.85345	0.0	999.6	L
1006.8829	1.0	999.6	L
1006.9378	1.0	999.6	L
1006.99335	1.0	999.6	L
1007.22465	1.0	999.6	L
1007.2577	0.0	999.6	L
1007.42525	1.0	999.6	L
1007.57725	1.0	999.6	L
1007.63385	1.0	999.6	L
1008.128	1.0	999.6	L
1008.1715	1.0	999.6	L
1008.20635	1.0	999.6	L
1008.25735	1.0	999.6	L
1008.28895	1.0	999.6	L
1008.35385	1.0	999.6	L
1008.49245	1.0	999.6	L
1008.55705	1.0	999.6	L
1008.59505	0.0	999.6	L
1008.64045	1.0	999.6	L
1009.2997	0.0	999.6	L
1009.4274	1.0	999.6	L
1010.0205	0.0	999.6	L
1010.13255	1.0	999.6	L
1019.5414	1.0	1017.8	H
1019.76775	1.0	1017.8	H
1020.08125	0.0	1017.8	H
1020.2407	1.0	1017.8	H
1020.55595	1.0	1017.8	H
1021.2736	0.0	1017.8	H
1022.139	1.0	1017.8	H
1022.7987	1.0	1017.8	H
1025.1151	1.0	1017.8	H
1025.4899	0.0	1017.8	H
1025.74205	1.0	1017.8	H
1027.4471	0.0	1017.8	H
1030.65935	0.0	1017.8	H
1031.58065	0.0	1017.8	H
1037.3074	0.0	1017.8	H
1037.99875	0.0	1017.8	H
1040.50725	0.0	1039.7	C
1040.5103	0.0	1039.7	C
1041.0978	0.0	1039.7	C
1041.16215	1.0	1039.7	C
1041.21185	1.0	1039.7	C
1041.3048	0.0	1039.7	C
1041.35025	1.0	1039.7	C
1041.3635	0.0	1039.7	C
1041.38315	1.0	1039.7	C
1041.5966	1.0	1039.7	C
1041.65825	1.0	1039.7	C
1041.7533	1.0	1039.7	C
1041.7918	1.0	1039.7	C
1041.82295	1.0	1039.7	C
1041.96775	1.0	1039.7	C
1042.0061	0.0	1039.7	C
1042.1138	1.0	1039.7	C
1042.17875	1.0	1039.7	C
1042.6221	1.0	1039.7	C
1042.6516	0.0	1039.7	C
1042.6765	1.0	1039.7	C
1043.52	1.0	1039.7	C
1043.6588	1.0	1039.7	C
1043.76225	1.0	1039.7	C
1043.8981	1.0	1039.7	C
1043.93665	0.0	1039.7	C
1043.9794	0.0	1039.7	C
1044.27225	1.0	1039.7	C
1044.2993	1.0	1039.7	C
1044.54545	1.0	1039.7	C
1044.62645	1.0	1039.7	C
1044.70895	0.0	1039.7	C
1044.7565	1.0	1039.7	C
1044.7961	1.0	1039.7	C
1044.9125	0.0	1039.7	C
1044.9686	1.0	1039.7	C
1045.05355	1.0	1039.7	C
1045.15005	1.0	1039.7	C
1046.7456	1.0	1039.7	C
1046.981	1.0	1039.7	C
1047.1114	1.0	1039.7	C
1048.767	0.0	1039.7	C
1048.8055	1.0	1039.7	C
1048.91315	0.0	1039.7	C
1048.95025	1.0	1039.7	C
1049.13325	1.0	1039.7	C
1049.47855	1.0	1039.7	C
1049.544	0.0	1039.7	C
1049.63925	1.0	1039.7	C
1049.6788	1.0	1039.7	C
1049.8611	0.0	1039.7	C
1049.92525	0.0	1039.7	C
1050.02085	0.0	1039.7	C
1050.0893	1.0	1039.7	C
1050.2732	0.0	1039.7	C
1050.53	0.0	1039.7	C
1056.7623	0.0	1039.7	C
1056.79595	0.0	1039.7	C
1056.8095	0.0	1039.7	C
1057.1399	0.0	1039.7	C
1057.24205	0.0	1039.7	C
1057.39975	0.0	1039.7	C
1057.5393	0.0	1039.7	C
1057.68755	0.0	1039.7	C
1057.85015	0.0	1039.7	C
1058.0034	0.0	1039.7	C
1058.13625	0.0	1039.7	C
1058.26855	0.0	1039.7	C
1058.39945	0.0	1039.7	C
1058.5586	0.0	1039.7	C
1058.70725	0.0	1039.7	C
1058.8606	0.0	1039.7	C
1059.11315	0.0	1039.7	C
1059.11565	0.0	1039.7	C
1061.4612	0.0	1060.4025	H
1061.5398	0.0	1060.4025	H
1062.04245	0.0	1060.4025	H
1062.2213	1.0	1060.4025	H
1062.27035	1.0	1060.4025	H
1063.4084	1.0	1060.4025	H
1063.57495	1.0	1060.4025	H
1064.84445	1.0	1060.4025	H
1065.11395	1.0	1060.4025	H
1065.22355	0.0	1060.4025	H
1065.2831	1.0	1060.4025	H
1065.54375	1.0	1060.4025	H
1065.914	1.0	1060.4025	H
1066.4986	1.0	1060.4025	H
1066.8192	1.0	1060.4025	H
1066.97645	1.0	1060.4025	H
1067.7295	1.0	1060.4025	H
1067.889	1.0	1060.4025	H
1068.83395	1.0	1060.4025	H
1068.9325	1.0	1060.4025	H
1069.69485	1.0	1060.4025	H
1069.79665	0.0	1060.4025	H
1069.84065	0.0	1060.4025	H
1070.82655	1.0	1060.4025	H
1073.12815	0.0	1060.4025	H
1074.1349	0.0	1060.4025	H
1074.1376	0.0	1060.4025	H
1074.15625	0.0	1060.4025	H
1074.17575	0.0	1060.4025	H
1079.9274	0.0	1060.4025	H
1080.5175	0.0	1060.4025	H
1084.7403	1.0	1083.3975	G
1084.83545	0.0	1083.3975	G
1086.1389	1.0	1083.3975	G
1086.18255	1.0	1083.3975	G
1086.3001	1.0	1083.3975	G
1087.4603	1.0	1083.3975	G
1087.78675	0.0	1083.3975	G
1087.78915	0.0	1083.3975	G
1088.22815	0.0	1083.3975	G
1088.49165	0.0	1083.3975	G
1088.7745	0.0	1083.3975	G
1089.2954	1.0	1083.3975	G
1089.4575	1.0	1083.3975	G
1089.5179	1.0	1083.3975	G
1089.65785	1.0	1083.3975	G
1089.80545	1.0	1083.3975	G
1089.8533	1.0	1083.3975	G
1090.3649	0.0	1083.3975	G
1090.4679	1.0	1083.3975	G
1092.85005	1.0	1083.3975	G
1093.4307	0.0	1083.3975	G
1094.1346	0.0	1083.3975	G
1094.1992	1.0	1083.3975	G
1094.23625	1.0	1083.3975	G
1094.2707	1.0	1083.3975	G
1094.3349	1.0	1083.3975	G
1094.3972	1.0	1083.3975	G
1094.4284	1.0	1083.3975	G
1094.5234	1.0	1083.3975	G
1097.0944	0.0	1083.3975	G
1100.5928	1.0	1083.3975	G
1105.1655	1.0	1104.2975	L
1105.60115	1.0	1104.2975	L
1105.69485	1.0	1104.2975	L
1105.82935	1.0	1104.2975	L
1105.97065	1.0	1104.2975	L
1106.01775	1.0	1104.2975	L
1106.04075	0.0	1104.2975	L
1106.0951	1.0	1104.2975	L
1106.27425	1.0	1104.2975	L
1106.34775	1.0	1104.2975	L
1106.3729	0.0	1104.2975	L
1106.43495	0.0	1104.2975	L
1107.37565	1.0	1104.2975	L
1107.41145	1.0	1104.2975	L
1107.52315	1.0	1104.2975	L
1107.5697	1.0	1104.2975	L
1107.69115	1.0	1104.2975	L
1107.9325	1.0	1104.2975	L
1108.00135	1.0	1104.2975	L
1108.06075	1.0	1104.2975	L
1108.13605	1.0	1104.2975	L
1108.17585	0.0	1104.2975	L
1108.8439	1.0	1104.2975	L
1109.0701	1.0	1104.2975	L
1109.65125	1.0	1104.2975	L
1109.7048	0.0	1104.2975	L
1109.7411	1.0	1104.2975	L
1109.7974	1.0	1104.2975	L
1109.82605	1.0	1104.2975	L
1110.67025	1.0	1104.2975	L
1111.04645	1.0	1104.2975	L
1111.7617	1.0	1104.2975	L
1111.8867	1.0	1104.2975	L
1111.96465	1.0	1104.2975	L
1112.10855	1.0	1104.2975	L
1112.54825	0.0	1104.2975	L
1112.7147	1.0	1104.2975	L
1112.9043	1.0	1104.2975	L
1112.94095	0.0	1104.2975	L
1123.707	0.0	1104.2975	L
1126.66115	0.0	1124.9025	A
1127.1108	0.0	1124.9025	A
1127.27795	0.0	1124.9025	A
1127.2864	0.0	1124.9025	A
1127.34205	0.0	1124.9025	A
1127.3448	0.0	1124.9025	A
1127.3629	0.0	1124.9025	A
1128.867	1.0	1124.9025	A
1128.9489	1.0	1124.9025	A
1129.3416	1.0	1124.9025	A
1131.1497	1.0	1124.9025	A
1131.99855	1.0	1124.9025	A
1132.4607	1.0	1124.9025	A
1132.62775	1.0	1124.9025	A
1132.66315	1.0	1124.9025	A
1133.87835	0.0	1124.9025	A
1139.5267	0.0	1124.9025	A
1146.8874	1.0	1145.9975	S
1147.02915	1.0	1145.9975	S
1147.1	1.0	1145.9975	S
1147.1364	1.0	1145.9975	S
1147.2059	1.0	1145.9975	S
1147.24185	1.0	1145.9975	S
1147.419	1.0	1145.9975	S
1147.5536	1.0	1145.9975	S
1147.73915	1.0	1145.9975	S
1147.89745	1.0	1145.9975	S
1148.0353	1.0	1145.9975	S
1148.17205	0.0	1145.9975	S
1148.99615	1.0	1145.9975	S
1149.1454	1.0	1145.9975	S
1149.21265	1.0	1145.9975	S
1150.14425	1.0	1145.9975	S
1150.19165	1.0	1145.9975	S
1150.2444	1.0	1145.9975	S
1150.33205	1.0	1145.9975	S
1150.3652	1.0	1145.9975	S
1150.39765	1.0	1145.9975	S
1150.69	1.0	1145.9975	S
1150.7333	1.0	1145.9975	S
1150.82305	1.0	1145.9975	S
1150.8659	1.0	1145.9975	S
1151.0402	1.0	1145.9975	S
1151.0801	1.0	1145.9975	S
1151.1221	1.0	1145.9975	S
1151.2547	1.0	1145.9975	S
1151.3403	1.0	1145.9975	S
1151.51395	1.0	1145.9975	S
1151.83515	1.0	1145.9975	S
1152.01935	1.0	1145.9975	S
1152.0703	1.0	1145.9975	S
1152.1664	1.0	1145.9975	S
1152.29185	1.0	1145.9975	S
1152.68445	1.0	1145.9975	S
1152.90195	1.0	1145.9975	S
1153.3705	1.0	1145.9975	S
1153.472	1.0	1145.9975	S
1154.4231	0.0	1145.9975	S
1154.79815	1.0	1145.9975	S
1155.2187	1.0	1145.9975	S
1155.36645	1.0	1145.9975	S
1155.62675	1.0	1145.9975	S
1156.08345	1.0	1145.9975	S
1157.6622	0.0	1145.9975	S
1158.19175	0.0	1145.9975	S
1158.20375	1.0	1145.9975	S
1159.4497	0.0	1145.9975	S
1159.5993	1.0	1145.9975	S
1166.6971	1.0	1166.6475	S
1167.03	1.0	1166.6475	S
1167.62995	1.0	1166.6475	S
1168.0348	1.0	1166.6475	S
1168.1058	1.0	1166.6475	S
1168.1722	1.0	1166.6475	S
1168.2891	1.0	1166.6475	S
1168.42425	1.0	1166.6475	S
1168.78105	1.0	1166.6475	S
1168.9314	0.0	1166.6475	S
1168.97065	0.0	1166.6475	S
1169.01135	1.0	1166.6475	S
1169.06615	1.0	1166.6475	S
1170.5202	1.0	1166.6475	S
1170.64195	0.0	1166.6475	S
1170.74745	1.0	1166.6475	S
1170.78235	1.0	1166.6475	S
1170.82035	1.0	1166.6475	S
1170.89655	1.0	1166.6475	S
1171.4642	1.0	1166.6475	S
1172.0747	0.0	1166.6475	S
1172.2199	1.0	1166.6475	S
1172.3491	0.0	1166.6475	S
1172.39995	1.0	1166.6475	S
1172.6751	1.0	1166.6475	S
1172.83235	1.0	1166.6475	S
1172.9508	1.0	1166.6475	S
1173.048	1.0	1166.6475	S
1173.09795	1.0	1166.6475	S
1173.1615	1.0	1166.6475	S
1174.24365	0.0	1166.6475	S
1174.4103	1.0	1166.6475	S
1174.5819	0.0	1166.6475	S
1174.6465	0.0	1166.6475	S
1177.28365	1.0	1166.6475	S
1177.286	0.0	1166.6475	S
1180.7731	0.0	1166.6475	S
1181.6926	0.0	1166.6475	S
1183.5676	0.0	1166.6475	S
1183.9843	0.0	1166.6475	S
1184.01045	0.0	1166.6475	S
1184.1423	0.0	1166.6475	S
1187.9827	0.0	1186.5	C
1188.17095	1.0	1186.5	C
1188.22145	1.0	1186.5	C
1188.25845	1.0	1186.5	C
1188.3217	1.0	1186.5	C
1188.3727	1.0	1186.5	C
1188.5557	0.0	1186.5	C
1188.80845	0.0	1186.5	C
1188.88985	1.0	1186.5	C
1188.93345	0.0	1186.5	C
1189.021	1.0	1186.5	C
1189.0907	1.0	1186.5	C
1189.20255	0.0	1186.5	C
1189.68425	1.0	1186.5	C
1190.4789	1.0	1186.5	C
1190.51645	1.0	1186.5	C
1190.5775	1.0	1186.5	C
1190.9303	1.0	1186.5	C
1190.9787	0.0	1186.5	C
1191.1235	0.0	1186.5	C
1191.35665	1.0	1186.5	C
1191.4044	1.0	1186.5	C
1191.70185	1.0	1186.5	C
1193.32535	1.0	1186.5	C
1193.5674	1.0	1186.5	C
1193.7807	1.0	1186.5	C
1194.02345	0.0	1186.5	C
1196.04305	1.0	1186.5	C
1196.1153	1.0	1186.5	C
1196.26655	1.0	1186.5	C
1196.82895	0.0	1186.5	C
1196.891	1.0	1186.5	C
1199.40505	0.0	1186.5	C
1206.5207	0.0	1186.5	C
1207.7991	0.0	1207.0025	H
1208.8827	1.0	1207.0025	H
1209.05675	1.0	1207.0025	H
1209.43535	1.0	1207.0025	H
1209.9413	1.0	1207.0025	H
1213.7186	1.0	1207.0025	H
1213.9579	1.0	1207.0025	H
1214.73385	1.0	1207.0025	H
1214.7958	1.0	1207.0025	H
1215.3816	1.0	1207.0025	H
1216.0787	0.0	1207.0025	H
1217.19345	0.0	1207.0025	H
1224.4531	1.0	1207.0025	H
1225.9674	1.0	1207.0025	H
1229.62805	0.0	1228.6975	A
1229.6876	1.0	1228.6975	A
1229.8966	0.0	1228.6975	A
1230.02845	1.0	1228.6975	A
1230.3651	1.0	1228.6975	A
1230.71825	1.0	1228.6975	A
1232.26015	1.0	1228.6975	A
1234.66905	1.0	1228.6975	A
1235.1412	1.0	1228.6975	A
1235.193	1.0	1228.6975	A
1237.33605	1.0	1228.6975	A
1238.57095	1.0	1228.6975	A
1239.3052	0.0	1228.6975	A
1239.7006	0.0	1228.6975	A
1242.8244	0.0	1228.6975	A
1242.84125	0.0	1228.6975	A
1242.85565	0.0	1228.6975	A
1243.32085	0.0	1228.6975	A
1243.62445	0.0	1228.6975	A
1243.8081	0.0	1228.6975	A
1244.3204	0.0	1228.6975	A
1244.50375	0.0	1228.6975	A
1245.12245	0.0	1228.6975	A
1245.3963	0.0	1228.6975	A
1245.579	0.0	1228.6975	A
1245.67595	1.0	1228.6975	A
1245.7571	0.0	1228.6975	A
1245.92125	0.0	1228.6975	A
1246.0993	0.0	1228.6975	A
1252.41005	0.0	1251.0	L
1252.4372	1.0	1251.0	L
1252.52175	1.0	1251.0	L
1252.5453	1.0	1251.0	L
1252.9179	1.0	1251.0	L
1253.04375	0.0	1251.0	L
1253.0762	1.0	1251.0	L
1253.1035	1.0	1251.0	L
1253.1291	0.0	1251.0	L
1253.1535	1.0	1251.0	L
1253.18975	1.0	1251.0	L
1253.2295	1.0	1251.0	L
1253.32115	1.0	1251.0	L
1253.47385	1.0	1251.0	L
1253.54595	1.0	1251.0	L
1253.98445	1.0	1251.0	L
1254.9954	1.0	1251.0	L
1255.0607	1.0	1251.0	L
1255.25755	1.0	1251.0	L
1255.417	1.0	1251.0	L
1255.5499	1.0	1251.0	L
1255.5862	1.0	1251.0	L
1255.61815	1.0	1251.0	L
1255.65275	0.0	1251.0	L
1255.71415	1.0	1251.0	L
1256.1249	1.0	1251.0	L
1256.1978	1.0	1251.0	L
1257.16615	1.0	1251.0	L
1257.8523	1.0	1251.0	L
1257.8752	1.0	1251.0	L
1257.94535	1.0	1251.0	L
1258.1708	1.0	1251.0	L
1258.2042	1.0	1251.0	L
1258.3506	1.0	1251.0	L
1258.4523	0.0	1251.0	L
1258.48835	1.0	1251.0	L
1258.53155	0.0	1251.0	L
1258.59705	1.0	1251.0	L
1258.82155	0.0	1251.0	L
1258.9861	1.0	1251.0	L
1259.3283	1.0	1251.0	L
1259.85195	1.0	1251.0	L
1260.00915	0.0	1251.0	L
1260.06815	0.0	1251.0	L
1260.14715	1.0	1251.0	L
1260.18125	0.0	1251.0	L
1260.21605	0.0	1251.0	L
1260.32045	1.0	1251.0	L
1260.3437	0.0	1251.0	L
1260.8919	1.0	1251.0	L
1260.95425	1.0	1251.0	L
1261.59115	1.0	1251.0	L
1261.7043	1.0	1251.0	L
1262.0158	1.0	1251.0	L
1262.10945	1.0	1251.0	L
1262.138	1.0	1251.0	L
1262.1753	1.0	1251.0	L
1262.21065	0.0	1251.0	L
1262.24735	1.0	1251.0	L
1262.308	1.0	1251.0	L
1262.3629	1.0	1251.0	L
1268.64775	0.0	1251.0	L
1269.99585	0.0	1251.0	L
1272.26195	1.0	1272.195	G
1274.10335	1.0	1272.195	G
1275.2195	0.0	1272.195	G
1275.40175	0.0	1272.195	G
1277.06225	1.0	1272.195	G
1279.84735	0.0	1272.195	G
1280.01695	0.0	1272.195	G
1280.0764	0.0	1272.195	G
1280.8896	0.0	1272.195	G
1280.98745	1.0	1272.195	G
1281.1194	0.0	1272.195	G
1281.16445	1.0	1272.195	G
1281.7338	0.0	1272.195	G
1281.777	1.0	1272.195	G
1281.8128	1.0	1272.195	G
1281.88385	1.0	1272.195	G
1281.9133	1.0	1272.195	G
1282.02855	1.0	1272.195	G
1282.0992	1.0	1272.195	G
1283.1869	0.0	1272.195	G
1283.4159	1.0	1272.195	G
1283.7716	0.0	1272.195	G
1285.7743	1.0	1272.195	G
1285.8722	0.0	1272.195	G
1285.97575	1.0	1272.195	G
1286.09015	0.0	1272.195	G
1287.5023	0.0	1272.195	G
1288.29505	0.0	1272.195	G
1289.3322	0.0	1272.195	G
1289.33425	0.0	1272.195	G
1289.33645	0.0	1272.195	G
1289.3453	0.0	1272.195	G
1289.35675	0.0	1272.195	G
1289.5276	0.0	1272.195	G
1289.8139	0.0	1272.195	G
1289.8882	0.0	1272.195	G
1289.90125	0.0	1272.195	G
1289.90335	0.0	1272.195	G
1289.9174	0.0	1272.195	G
1289.91985	0.0	1272.195	G
1289.9311	0.0	1272.195	G
1789.6262	0.0	 	 
1789.62825	0.0	 	 
1789.63035	0.0	 	 
1789.6369	0.0	 	 
1789.6389	0.0	 	 
1789.64095	0.0	 	 
1789.64635	0.0	 	 
1789.6484	0.0	 	 
1789.6505	0.0	 	 
1789.6566	0.0	 	 
1789.6587	0.0	 	 
1789.66075	0.0	 	 
1789.66635	0.0	 	 
1789.6684	0.0	 	 
1789.67045	0.0	 	 
1789.6764	0.0	 	 
1789.67845	0.0	 	 
1789.68095	0.0	 	 
1789.6866	0.0	 	 
1789.6886	0.0	 	 
1789.69065	0.0	 	 
1789.69625	0.0	 	 
