 	Channel 4	 	 
Time	Value	Cmt Time	Cmt Text
s	V	s	 
8131.3858	0.0	 	 
8131.8495	1.0	 	 
8131.8973	1.0	 	 
8131.9287	1.0	 	 
8131.96285	1.0	 	 
8131.98715	1.0	 	 
8132.00855	1.0	 	 
8132.0434	1.0	 	 
8132.0715	1.0	 	 
8132.14325	1.0	 	 
8132.1689	1.0	 	 
8132.19805	1.0	 	 
8132.23405	1.0	 	 
8132.26845	1.0	 	 
8132.36545	1.0	 	 
8132.39155	1.0	 	 
8132.43415	1.0	8132.4225	soft brush
8132.55745	1.0	8132.4225	soft brush
8132.6251	1.0	8132.4225	soft brush
8132.656	1.0	8132.4225	soft brush
8132.75995	1.0	8132.4225	soft brush
8132.82975	1.0	8132.4225	soft brush
8133.5902	1.0	8132.4225	soft brush
9489.1903	0.0	 	 
9491.5284	1.0	9491.325	love
9491.7106	1.0	9491.325	love
9491.9329	1.0	9491.325	love
9491.9554	1.0	9491.325	love
9492.08995	1.0	9491.325	love
9492.49175	0.0	9491.325	love
9493.72265	1.0	9491.325	love
9494.5396	1.0	9491.325	love
9494.5711	1.0	9491.325	love
9494.5993	1.0	9491.325	love
9494.73015	1.0	9491.325	love
9495.5353	1.0	9491.325	love
9496.1505	1.0	9491.325	love
9496.2722	1.0	9491.325	love
9496.3353	1.0	9491.325	love
9496.47215	1.0	9491.325	love
9496.5319	1.0	9491.325	love
9497.05425	1.0	9491.325	love
9497.085	1.0	9491.325	love
9497.11305	1.0	9491.325	love
9497.82525	1.0	9491.325	love
9498.0432	1.0	9491.325	love
9498.19005	1.0	9491.325	love
9498.20325	0.0	9491.325	love
9498.33265	0.0	9491.325	love
9498.3388	0.0	9491.325	love
9498.4755	0.0	9491.325	love
9498.48155	0.0	9491.325	love
9498.5488	1.0	9491.325	love
9498.58085	1.0	9491.325	love
9498.59175	0.0	9491.325	love
9498.5974	0.0	9491.325	love
9498.6066	1.0	9491.325	love
9498.6763	1.0	9491.325	love
9498.7231	0.0	9491.325	love
9498.72525	0.0	9491.325	love
9498.74955	1.0	9491.325	love
9498.8325	0.0	9491.325	love
9498.83835	0.0	9491.325	love
9498.89005	1.0	9491.325	love
9498.9174	1.0	9491.325	love
9498.94055	0.0	9491.325	love
9498.9464	0.0	9491.325	love
9498.95645	1.0	9491.325	love
9499.0366	0.0	9491.325	love
9499.04235	0.0	9491.325	love
9499.0452	1.0	9491.325	love
9499.0653	1.0	9491.325	love
9499.14135	0.0	9491.325	love
9499.14725	0.0	9491.325	love
9499.2327	0.0	9491.325	love
9499.2386	0.0	9491.325	love
9499.32285	0.0	9491.325	love
9499.32865	0.0	9491.325	love
9499.33465	1.0	9491.325	love
9499.419	0.0	9491.325	love
9499.42475	0.0	9491.325	love
9499.5044	0.0	9491.325	love
9499.51005	0.0	9491.325	love
9499.59285	0.0	9491.325	love
9499.59825	0.0	9491.325	love
9499.6805	0.0	9491.325	love
9499.6862	0.0	9491.325	love
9499.76955	0.0	9491.325	love
9499.77505	0.0	9491.325	love
9499.8652	0.0	9491.325	love
9499.8706	0.0	9491.325	love
9499.96445	0.0	9491.325	love
9499.9699	0.0	9491.325	love
9500.06055	0.0	9491.325	love
9500.0661	0.0	9491.325	love
9500.14955	0.0	9491.325	love
9500.15525	0.0	9491.325	love
9500.24525	0.0	9491.325	love
9500.2508	0.0	9491.325	love
9500.331	0.0	9491.325	love
9500.33655	0.0	9491.325	love
9500.41865	0.0	9491.325	love
9500.42435	0.0	9491.325	love
9500.48145	1.0	9491.325	love
9500.52255	0.0	9491.325	love
9500.52805	0.0	9491.325	love
9500.56415	1.0	9491.325	love
9500.6121	0.0	9491.325	love
9500.61785	0.0	9491.325	love
9500.7013	0.0	9491.325	love
9500.70705	0.0	9491.325	love
9500.79075	0.0	9491.325	love
9500.79615	0.0	9491.325	love
9500.88475	0.0	9491.325	love
9500.89045	0.0	9491.325	love
9500.9705	0.0	9491.325	love
9500.9761	0.0	9491.325	love
9501.00765	1.0	9491.325	love
9501.06935	0.0	9491.325	love
9501.075	0.0	9491.325	love
9501.07795	1.0	9491.325	love
9501.10245	1.0	9491.325	love
9501.1595	0.0	9491.325	love
9501.1647	0.0	9491.325	love
9501.17635	1.0	9491.325	love
9501.20145	1.0	9491.325	love
9501.22835	1.0	9491.325	love
9501.25085	0.0	9491.325	love
9501.25655	0.0	9491.325	love
9501.3494	0.0	9491.325	love
9501.35505	0.0	9491.325	love
9501.4514	0.0	9491.325	love
9501.4538	0.0	9491.325	love
9501.4572	0.0	9491.325	love
9501.49475	1.0	9491.325	love
9501.5444	1.0	9491.325	love
9501.5567	0.0	9491.325	love
9501.56245	0.0	9491.325	love
9501.5795	1.0	9491.325	love
9501.6495	0.0	9491.325	love
9501.655	0.0	9491.325	love
9501.6605	1.0	9491.325	love
9501.7388	0.0	9491.325	love
9501.7445	0.0	9491.325	love
9501.83425	0.0	9491.325	love
9501.83995	0.0	9491.325	love
9501.879	1.0	9491.325	love
9501.92935	0.0	9491.325	love
9501.9347	0.0	9491.325	love
9502.02295	0.0	9491.325	love
9502.0285	0.0	9491.325	love
9502.0717	1.0	9491.325	love
9502.12135	0.0	9491.325	love
9502.12705	0.0	9491.325	love
9502.23145	0.0	9491.325	love
9502.2371	0.0	9491.325	love
9502.32385	0.0	9491.325	love
9502.32945	0.0	9491.325	love
9502.4189	0.0	9491.325	love
9502.4246	0.0	9491.325	love
9502.50945	0.0	9491.325	love
9502.515	0.0	9491.325	love
9502.60525	0.0	9491.325	love
9502.61105	0.0	9491.325	love
9502.7163	0.0	9491.325	love
9502.722	0.0	9491.325	love
9502.81045	0.0	9491.325	love
9502.8159	0.0	9491.325	love
9502.92075	0.0	9491.325	love
9502.9263	0.0	9491.325	love
9503.0341	0.0	9491.325	love
9503.03965	0.0	9491.325	love
9503.14525	0.0	9491.325	love
9503.151	0.0	9491.325	love
9503.26385	0.0	9491.325	love
9503.26985	0.0	9491.325	love
9503.29545	1.0	9491.325	love
9503.38	0.0	9491.325	love
9503.38585	0.0	9491.325	love
9503.388	1.0	9491.325	love
9503.4674	1.0	9491.325	love
9503.51025	0.0	9491.325	love
9503.5161	0.0	9491.325	love
9503.6307	0.0	9491.325	love
9503.63635	0.0	9491.325	love
9503.67455	1.0	9491.325	love
9503.6953	1.0	9491.325	love
9503.72025	1.0	9491.325	love
9503.74965	0.0	9491.325	love
9503.7553	0.0	9491.325	love
9503.8556	1.0	9491.325	love
9503.88285	1.0	9491.325	love
9503.88515	0.0	9491.325	love
9503.891	0.0	9491.325	love
9503.98895	1.0	9491.325	love
9504.0118	0.0	9491.325	love
9504.0177	0.0	9491.325	love
9504.1236	1.0	9491.325	love
9504.13075	0.0	9491.325	love
9504.13655	0.0	9491.325	love
9504.2449	0.0	9491.325	love
9504.25075	0.0	9491.325	love
9504.355	0.0	9491.325	love
9504.36085	0.0	9491.325	love
9504.48085	0.0	9491.325	love
9504.48655	0.0	9491.325	love
9504.57835	1.0	9491.325	love
9504.59175	0.0	9491.325	love
9504.5975	0.0	9491.325	love
9504.60165	1.0	9491.325	love
9504.69455	0.0	9491.325	love
9504.7005	0.0	9491.325	love
9504.7221	1.0	9491.325	love
9504.81825	1.0	9491.325	love
9504.821	0.0	9491.325	love
9504.827	0.0	9491.325	love
9504.92705	0.0	9491.325	love
9504.93275	0.0	9491.325	love
9505.02355	0.0	9491.325	love
9505.0291	0.0	9491.325	love
9505.12225	0.0	9491.325	love
9505.12775	0.0	9491.325	love
9505.2531	0.0	9491.325	love
9505.2589	0.0	9491.325	love
9505.3647	0.0	9491.325	love
9505.37035	0.0	9491.325	love
9505.4605	0.0	9491.325	love
9505.46625	0.0	9491.325	love
9505.5557	0.0	9491.325	love
9505.56135	0.0	9491.325	love
9505.651	0.0	9491.325	love
9505.65675	0.0	9491.325	love
9505.7511	0.0	9491.325	love
9505.7569	0.0	9491.325	love
9505.8486	0.0	9491.325	love
9505.85425	0.0	9491.325	love
9505.9538	0.0	9491.325	love
9505.9596	0.0	9491.325	love
9506.0503	0.0	9491.325	love
9506.05595	0.0	9491.325	love
9506.1485	1.0	9491.325	love
9506.1547	0.0	9491.325	love
9506.16035	0.0	9491.325	love
9506.2491	0.0	9491.325	love
9506.25485	0.0	9491.325	love
9506.3432	0.0	9491.325	love
9506.3489	0.0	9491.325	love
9506.4417	0.0	9491.325	love
9506.4471	0.0	9491.325	love
9506.54125	0.0	9491.325	love
9506.54675	0.0	9491.325	love
9506.62455	0.0	9491.325	love
9506.63025	0.0	9491.325	love
9506.7202	0.0	9491.325	love
9506.72575	0.0	9491.325	love
9506.8124	0.0	9491.325	love
9506.81805	0.0	9491.325	love
9506.89865	0.0	9491.325	love
9506.9038	0.0	9491.325	love
9506.9861	0.0	9491.325	love
9506.99175	0.0	9491.325	love
9507.08205	0.0	9491.325	love
9507.08745	0.0	9491.325	love
9507.1776	0.0	9491.325	love
9507.1832	0.0	9491.325	love
9507.2727	0.0	9491.325	love
9507.27835	0.0	9491.325	love
9507.38285	0.0	9491.325	love
9507.3884	0.0	9491.325	love
9507.48925	0.0	9491.325	love
9507.4949	0.0	9491.325	love
9507.60405	0.0	9491.325	love
9507.6097	0.0	9491.325	love
9507.70925	0.0	9491.325	love
9507.71485	0.0	9491.325	love
9507.8216	0.0	9491.325	love
9507.82745	0.0	9491.325	love
9507.91945	0.0	9491.325	love
9507.9249	0.0	9491.325	love
9508.02865	0.0	9491.325	love
9508.03425	0.0	9491.325	love
9508.1323	0.0	9491.325	love
9508.13785	0.0	9491.325	love
9508.24915	0.0	9491.325	love
9508.25475	0.0	9491.325	love
9508.3651	0.0	9491.325	love
9508.37085	0.0	9491.325	love
9508.48915	0.0	9491.325	love
9508.4949	0.0	9491.325	love
9508.60495	0.0	9491.325	love
9508.61055	0.0	9491.325	love
9508.73125	0.0	9491.325	love
9508.7369	0.0	9491.325	love
9508.847	0.0	9491.325	love
9508.85275	0.0	9491.325	love
9508.9587	0.0	9491.325	love
9508.9642	0.0	9491.325	love
9509.08745	0.0	9491.325	love
9509.0932	0.0	9491.325	love
9509.20705	0.0	9491.325	love
9509.2128	0.0	9491.325	love
9509.3257	0.0	9491.325	love
9509.33145	0.0	9491.325	love
9509.447	0.0	9491.325	love
9509.4528	0.0	9491.325	love
9509.5851	0.0	9491.325	love
9509.5909	0.0	9491.325	love
9509.68955	0.0	9491.325	love
9509.69525	0.0	9491.325	love
9509.8175	0.0	9491.325	love
9509.82325	0.0	9491.325	love
9509.93435	0.0	9491.325	love
9509.9401	0.0	9491.325	love
9589.1442	0.0	 	 
9589.15035	0.0	 	 
9589.31865	0.0	 	 
9589.3248	0.0	 	 
9589.4751	0.0	 	 
9589.4809	0.0	 	 
9589.62515	0.0	 	 
9589.6311	0.0	 	 
9589.8043	0.0	 	 
9589.8102	0.0	 	 
9590.03365	0.0	 	 
9590.03985	0.0	 	 
9593.4134	1.0	9591.5	calming
9593.4391	1.0	9591.5	calming
9593.46895	1.0	9591.5	calming
9593.56955	1.0	9591.5	calming
9593.62215	1.0	9591.5	calming
9593.71585	1.0	9591.5	calming
9593.744	1.0	9591.5	calming
9593.88415	0.0	9591.5	calming
9593.9846	1.0	9591.5	calming
9594.1789	1.0	9591.5	calming
9594.20105	1.0	9591.5	calming
9594.2396	1.0	9591.5	calming
9596.61025	1.0	9591.5	calming
9596.71325	1.0	9591.5	calming
9596.95555	1.0	9591.5	calming
9598.3972	1.0	9591.5	calming
9598.7045	1.0	9591.5	calming
9599.3077	1.0	9591.5	calming
9599.6527	1.0	9591.5	calming
9601.5954	1.0	9591.5	calming
9601.6149	1.0	9591.5	calming
9601.63205	1.0	9591.5	calming
9601.83195	1.0	9591.5	calming
9601.91895	1.0	9591.5	calming
9602.0723	1.0	9591.5	calming
9602.3677	1.0	9591.5	calming
9602.6197	1.0	9591.5	calming
9602.81545	1.0	9591.5	calming
9609.6357	1.0	9609.5025	calming
9609.6987	1.0	9609.5025	calming
9610.0801	1.0	9609.5025	calming
9610.28335	1.0	9609.5025	calming
9610.4029	1.0	9609.5025	calming
9612.0398	1.0	9609.5025	calming
9612.2646	1.0	9609.5025	calming
9612.81765	1.0	9609.5025	calming
9613.06925	1.0	9609.5025	calming
9615.4685	0.0	9609.5025	calming
9615.60515	1.0	9609.5025	calming
9615.65105	1.0	9609.5025	calming
9617.6643	1.0	9609.5025	calming
9617.7048	1.0	9609.5025	calming
9617.86035	1.0	9609.5025	calming
9618.459	1.0	9609.5025	calming
9618.92065	1.0	9609.5025	calming
9619.04485	1.0	9609.5025	calming
9619.09905	1.0	9609.5025	calming
9619.2512	1.0	9609.5025	calming
9619.4263	1.0	9609.5025	calming
9621.64515	0.0	9609.5025	calming
9621.663	0.0	9609.5025	calming
9628.02615	1.0	9627.0975	calming
9628.29205	1.0	9627.0975	calming
9628.5026	1.0	9627.0975	calming
9628.7171	1.0	9627.0975	calming
9631.24715	1.0	9627.0975	calming
9631.68865	1.0	9627.0975	calming
9633.60275	1.0	9627.0975	calming
9634.0254	1.0	9627.0975	calming
9634.6294	1.0	9627.0975	calming
9634.68515	1.0	9627.0975	calming
9636.31155	1.0	9627.0975	calming
9636.40385	1.0	9627.0975	calming
9636.5447	1.0	9627.0975	calming
9637.2545	1.0	9627.0975	calming
9638.6448	0.0	9627.0975	calming
9638.6494	0.0	9627.0975	calming
9644.0888	0.0	9627.0975	calming
9646.69735	1.0	9646.3975	love
9647.48185	1.0	9646.3975	love
9648.41675	1.0	9646.3975	love
9649.3115	1.0	9646.3975	love
9650.3704	1.0	9646.3975	love
9651.5161	0.0	9646.3975	love
9651.5222	0.0	9646.3975	love
9651.65205	0.0	9646.3975	love
9651.749	0.0	9646.3975	love
9651.75455	0.0	9646.3975	love
9651.8684	0.0	9646.3975	love
9651.87425	0.0	9646.3975	love
9651.9731	0.0	9646.3975	love
9651.9789	0.0	9646.3975	love
9652.13575	0.0	9646.3975	love
9652.14145	0.0	9646.3975	love
9652.2469	0.0	9646.3975	love
9652.25265	0.0	9646.3975	love
9652.36985	0.0	9646.3975	love
9652.3756	0.0	9646.3975	love
9652.4946	0.0	9646.3975	love
9652.5004	0.0	9646.3975	love
9652.62315	0.0	9646.3975	love
9652.62885	0.0	9646.3975	love
9652.78355	0.0	9646.3975	love
9652.7896	0.0	9646.3975	love
9652.90885	0.0	9646.3975	love
9652.9145	0.0	9646.3975	love
9653.0194	0.0	9646.3975	love
9653.02505	0.0	9646.3975	love
9653.125	0.0	9646.3975	love
9653.13065	0.0	9646.3975	love
9653.22795	0.0	9646.3975	love
9653.2337	0.0	9646.3975	love
9653.3232	0.0	9646.3975	love
9653.3288	0.0	9646.3975	love
9653.4103	0.0	9646.3975	love
9653.416	0.0	9646.3975	love
9653.50155	0.0	9646.3975	love
9653.50685	0.0	9646.3975	love
9653.596	0.0	9646.3975	love
9653.6017	0.0	9646.3975	love
9653.68665	0.0	9646.3975	love
9653.69225	0.0	9646.3975	love
9653.79535	0.0	9646.3975	love
9653.8008	0.0	9646.3975	love
9653.8894	0.0	9646.3975	love
9653.8948	0.0	9646.3975	love
9653.999	0.0	9646.3975	love
9654.00475	0.0	9646.3975	love
9654.11045	0.0	9646.3975	love
9654.11595	0.0	9646.3975	love
9654.2236	0.0	9646.3975	love
9654.2258	0.0	9646.3975	love
9654.2293	0.0	9646.3975	love
9654.34	0.0	9646.3975	love
9654.34565	0.0	9646.3975	love
9654.42475	1.0	9646.3975	love
9654.44815	0.0	9646.3975	love
9654.45395	0.0	9646.3975	love
9654.55685	0.0	9646.3975	love
9654.56265	0.0	9646.3975	love
9654.56645	1.0	9646.3975	love
9654.6589	0.0	9646.3975	love
9654.6621	0.0	9646.3975	love
9654.6646	0.0	9646.3975	love
9654.78825	0.0	9646.3975	love
9654.79385	0.0	9646.3975	love
9654.911	0.0	9646.3975	love
9654.91675	0.0	9646.3975	love
9655.0092	0.0	9646.3975	love
9655.01485	0.0	9646.3975	love
9655.12685	0.0	9646.3975	love
9655.1326	0.0	9646.3975	love
9655.24005	0.0	9646.3975	love
9655.24575	0.0	9646.3975	love
9655.3471	0.0	9646.3975	love
9655.3527	0.0	9646.3975	love
9655.45905	0.0	9646.3975	love
9655.4648	0.0	9646.3975	love
9655.59745	0.0	9646.3975	love
9655.6031	0.0	9646.3975	love
9655.7244	0.0	9646.3975	love
9655.72995	0.0	9646.3975	love
9655.88455	0.0	9646.3975	love
9655.89035	0.0	9646.3975	love
9656.0647	0.0	9646.3975	love
9656.0705	0.0	9646.3975	love
9656.2699	0.0	9646.3975	love
9656.2759	0.0	9646.3975	love
9656.42835	0.0	9646.3975	love
9656.43425	0.0	9646.3975	love
9656.5478	0.0	9646.3975	love
9656.5532	0.0	9646.3975	love
9656.6608	0.0	9646.3975	love
9656.66665	0.0	9646.3975	love
9656.7638	0.0	9646.3975	love
9656.7693	0.0	9646.3975	love
9656.86375	0.0	9646.3975	love
9656.86935	0.0	9646.3975	love
9656.96455	0.0	9646.3975	love
9656.9702	0.0	9646.3975	love
9657.07065	0.0	9646.3975	love
9657.0762	0.0	9646.3975	love
9657.1757	0.0	9646.3975	love
9657.1815	0.0	9646.3975	love
9657.26435	0.0	9646.3975	love
9657.2699	0.0	9646.3975	love
9657.37945	0.0	9646.3975	love
9657.3851	0.0	9646.3975	love
9657.47885	0.0	9646.3975	love
9657.4844	0.0	9646.3975	love
9657.58345	0.0	9646.3975	love
9657.589	0.0	9646.3975	love
9657.6673	0.0	9646.3975	love
9657.67275	0.0	9646.3975	love
9657.7749	0.0	9646.3975	love
9657.7806	0.0	9646.3975	love
9657.86625	0.0	9646.3975	love
9657.87175	0.0	9646.3975	love
9657.96495	0.0	9646.3975	love
9657.97055	0.0	9646.3975	love
9658.07845	0.0	9646.3975	love
9658.08405	0.0	9646.3975	love
9658.18355	0.0	9646.3975	love
9658.1892	0.0	9646.3975	love
9658.3121	0.0	9646.3975	love
9658.31785	0.0	9646.3975	love
9658.4251	0.0	9646.3975	love
9658.4307	0.0	9646.3975	love
9658.54295	0.0	9646.3975	love
9658.5487	0.0	9646.3975	love
9658.6656	0.0	9646.3975	love
9658.67125	0.0	9646.3975	love
9658.78985	0.0	9646.3975	love
9658.7955	0.0	9646.3975	love
9658.9074	0.0	9646.3975	love
9658.9132	0.0	9646.3975	love
9659.0266	0.0	9646.3975	love
9659.0321	0.0	9646.3975	love
9659.1618	0.0	9646.3975	love
9659.16755	0.0	9646.3975	love
9659.29345	0.0	9646.3975	love
9659.2994	0.0	9646.3975	love
9659.43295	0.0	9646.3975	love
9659.43875	0.0	9646.3975	love
9659.5669	0.0	9646.3975	love
9659.5725	0.0	9646.3975	love
9659.67365	0.0	9646.3975	love
9659.6792	0.0	9646.3975	love
9659.8181	0.0	9646.3975	love
9659.8237	0.0	9646.3975	love
9659.9287	0.0	9646.3975	love
9659.93435	0.0	9646.3975	love
9660.0307	0.0	9646.3975	love
9660.03625	0.0	9646.3975	love
9660.1771	0.0	9646.3975	love
9660.1828	0.0	9646.3975	love
9660.36705	0.0	9646.3975	love
9660.3729	0.0	9646.3975	love
9660.5917	0.0	9646.3975	love
9660.5976	0.0	9646.3975	love
9660.7494	0.0	9646.3975	love
9660.75515	0.0	9646.3975	love
9660.87865	0.0	9646.3975	love
9660.88465	0.0	9646.3975	love
9660.99455	0.0	9646.3975	love
9661.00025	0.0	9646.3975	love
9661.04265	0.0	9646.3975	love
9661.04835	0.0	9646.3975	love
9661.17485	0.0	9646.3975	love
9661.1806	0.0	9646.3975	love
9661.2931	0.0	9646.3975	love
9661.2987	0.0	9646.3975	love
9661.4117	0.0	9646.3975	love
9661.4174	0.0	9646.3975	love
9661.50975	0.0	9646.3975	love
9661.51545	0.0	9646.3975	love
9661.6269	0.0	9646.3975	love
9661.63245	0.0	9646.3975	love
9661.7369	0.0	9646.3975	love
9661.7428	0.0	9646.3975	love
9661.9369	0.0	9646.3975	love
9661.943	0.0	9646.3975	love
9662.07935	0.0	9646.3975	love
9662.085	0.0	9646.3975	love
9662.2471	0.0	9646.3975	love
9662.25315	0.0	9646.3975	love
9662.37235	0.0	9646.3975	love
9662.37815	0.0	9646.3975	love
9662.47725	0.0	9646.3975	love
9662.4832	0.0	9646.3975	love
9662.6051	0.0	9646.3975	love
9662.611	0.0	9646.3975	love
9662.7174	0.0	9646.3975	love
9662.7232	0.0	9646.3975	love
9662.8233	0.0	9646.3975	love
9662.8289	0.0	9646.3975	love
9662.9709	0.0	9646.3975	love
9662.97665	0.0	9646.3975	love
9663.1188	0.0	9646.3975	love
9663.1248	0.0	9646.3975	love
9663.26175	0.0	9646.3975	love
9663.2675	0.0	9646.3975	love
9663.4433	0.0	9646.3975	love
9663.44915	0.0	9646.3975	love
9666.4475	0.0	9665.8975	love
9666.4541	0.0	9665.8975	love
9666.6172	0.0	9665.8975	love
9666.62305	0.0	9665.8975	love
9666.7421	0.0	9665.8975	love
9666.74815	0.0	9665.8975	love
9666.7819	0.0	9665.8975	love
9666.8658	0.0	9665.8975	love
9666.87215	0.0	9665.8975	love
9666.96765	1.0	9665.8975	love
9667.0171	0.0	9665.8975	love
9667.0192	0.0	9665.8975	love
9667.02315	0.0	9665.8975	love
9667.12255	1.0	9665.8975	love
9667.12965	0.0	9665.8975	love
9667.1356	0.0	9665.8975	love
9667.22585	1.0	9665.8975	love
9667.26545	0.0	9665.8975	love
9667.2711	0.0	9665.8975	love
9667.389	0.0	9665.8975	love
9667.3947	0.0	9665.8975	love
9667.52315	0.0	9665.8975	love
9667.52905	0.0	9665.8975	love
9667.59605	1.0	9665.8975	love
9667.6271	1.0	9665.8975	love
9667.65015	0.0	9665.8975	love
9667.656	0.0	9665.8975	love
9667.7842	0.0	9665.8975	love
9667.79	0.0	9665.8975	love
9667.893	1.0	9665.8975	love
9667.92115	0.0	9665.8975	love
9667.927	0.0	9665.8975	love
9668.06515	1.0	9665.8975	love
9668.06805	0.0	9665.8975	love
9668.07375	0.0	9665.8975	love
9668.2641	0.0	9665.8975	love
9668.4049	0.0	9665.8975	love
9668.4109	0.0	9665.8975	love
9668.42585	1.0	9665.8975	love
9668.55655	0.0	9665.8975	love
9668.5623	0.0	9665.8975	love
9668.5936	1.0	9665.8975	love
9668.6493	1.0	9665.8975	love
9668.70045	0.0	9665.8975	love
9668.7061	0.0	9665.8975	love
9668.7134	1.0	9665.8975	love
9668.82765	0.0	9665.8975	love
9668.83335	0.0	9665.8975	love
9668.86195	1.0	9665.8975	love
9668.95185	0.0	9665.8975	love
9668.9574	0.0	9665.8975	love
9669.10895	0.0	9665.8975	love
9669.1143	0.0	9665.8975	love
9669.1826	1.0	9665.8975	love
9669.24515	0.0	9665.8975	love
9669.251	0.0	9665.8975	love
9669.2963	1.0	9665.8975	love
9669.37935	0.0	9665.8975	love
9669.38505	0.0	9665.8975	love
9669.50905	0.0	9665.8975	love
9669.51445	0.0	9665.8975	love
9669.6283	0.0	9665.8975	love
9669.6341	0.0	9665.8975	love
9669.7322	0.0	9665.8975	love
9669.73795	0.0	9665.8975	love
9669.8457	1.0	9665.8975	love
9669.85185	0.0	9665.8975	love
9669.8575	0.0	9665.8975	love
9669.97515	0.0	9665.8975	love
9669.98085	0.0	9665.8975	love
9670.09995	0.0	9665.8975	love
9670.10555	0.0	9665.8975	love
9670.21365	0.0	9665.8975	love
9670.21925	0.0	9665.8975	love
9670.3533	0.0	9665.8975	love
9670.35915	0.0	9665.8975	love
9670.49565	0.0	9665.8975	love
9670.5013	0.0	9665.8975	love
9670.56305	1.0	9665.8975	love
9670.62535	1.0	9665.8975	love
9670.6322	0.0	9665.8975	love
9670.63775	0.0	9665.8975	love
9670.65495	1.0	9665.8975	love
9670.7156	1.0	9665.8975	love
9670.7795	0.0	9665.8975	love
9670.78535	0.0	9665.8975	love
9670.81275	1.0	9665.8975	love
9670.8902	1.0	9665.8975	love
9670.9111	1.0	9665.8975	love
9670.93765	0.0	9665.8975	love
9670.9437	0.0	9665.8975	love
9671.03535	1.0	9665.8975	love
9671.07575	0.0	9665.8975	love
9671.08105	0.0	9665.8975	love
9671.22175	0.0	9665.8975	love
9671.2276	0.0	9665.8975	love
9671.37275	0.0	9665.8975	love
9671.37865	0.0	9665.8975	love
9671.51735	0.0	9665.8975	love
9671.52325	0.0	9665.8975	love
9671.6669	0.0	9665.8975	love
9671.6729	0.0	9665.8975	love
9671.7932	0.0	9665.8975	love
9671.79895	0.0	9665.8975	love
9671.92605	0.0	9665.8975	love
9671.9319	0.0	9665.8975	love
9672.0607	0.0	9665.8975	love
9672.06645	0.0	9665.8975	love
9672.1907	0.0	9665.8975	love
9672.1964	0.0	9665.8975	love
9672.31545	0.0	9665.8975	love
9672.3213	0.0	9665.8975	love
9672.43095	1.0	9665.8975	love
9672.44905	0.0	9665.8975	love
9672.45485	0.0	9665.8975	love
9672.5619	0.0	9665.8975	love
9672.5675	0.0	9665.8975	love
9672.6877	0.0	9665.8975	love
9672.69345	0.0	9665.8975	love
9672.8008	0.0	9665.8975	love
9672.80655	0.0	9665.8975	love
9672.93345	0.0	9665.8975	love
9672.93895	0.0	9665.8975	love
9673.0399	1.0	9665.8975	love
9673.0678	0.0	9665.8975	love
9673.07365	0.0	9665.8975	love
9673.13265	1.0	9665.8975	love
9673.1961	1.0	9665.8975	love
9673.2194	0.0	9665.8975	love
9673.22525	0.0	9665.8975	love
9673.33805	1.0	9665.8975	love
9673.3607	0.0	9665.8975	love
9673.3665	0.0	9665.8975	love
9673.5018	0.0	9665.8975	love
9673.50745	0.0	9665.8975	love
9673.62025	0.0	9665.8975	love
9673.62605	0.0	9665.8975	love
9673.7486	0.0	9665.8975	love
9673.7545	0.0	9665.8975	love
9673.878	0.0	9665.8975	love
9673.8837	0.0	9665.8975	love
9674.0029	0.0	9665.8975	love
9674.0087	0.0	9665.8975	love
9674.1321	0.0	9665.8975	love
9674.1379	0.0	9665.8975	love
9674.23935	0.0	9665.8975	love
9674.2452	0.0	9665.8975	love
9674.35525	0.0	9665.8975	love
9674.36095	0.0	9665.8975	love
9674.474	0.0	9665.8975	love
9674.4795	0.0	9665.8975	love
9674.57295	0.0	9665.8975	love
9674.57825	0.0	9665.8975	love
9674.68795	0.0	9665.8975	love
9674.69385	0.0	9665.8975	love
9674.81945	0.0	9665.8975	love
9674.8251	0.0	9665.8975	love
9674.9414	0.0	9665.8975	love
9674.94695	0.0	9665.8975	love
9675.0781	0.0	9665.8975	love
9675.08395	0.0	9665.8975	love
9675.1903	0.0	9665.8975	love
9675.19615	0.0	9665.8975	love
9675.31855	0.0	9665.8975	love
9675.3243	0.0	9665.8975	love
9675.43295	0.0	9665.8975	love
9675.43865	0.0	9665.8975	love
9675.57675	0.0	9665.8975	love
9675.5826	0.0	9665.8975	love
9675.7272	0.0	9665.8975	love
9675.733	0.0	9665.8975	love
9675.8553	0.0	9665.8975	love
9675.86115	0.0	9665.8975	love
9675.98585	0.0	9665.8975	love
9675.9919	0.0	9665.8975	love
9676.1082	0.0	9665.8975	love
9676.11395	0.0	9665.8975	love
9676.23615	0.0	9665.8975	love
9676.24195	0.0	9665.8975	love
9676.36805	0.0	9665.8975	love
9676.37365	0.0	9665.8975	love
9676.5274	0.0	9665.8975	love
9676.53305	0.0	9665.8975	love
9676.6529	0.0	9665.8975	love
9676.65525	0.0	9665.8975	love
9676.6587	0.0	9665.8975	love
9676.8001	0.0	9665.8975	love
9676.8059	0.0	9665.8975	love
9676.8138	1.0	9665.8975	love
9676.91375	0.0	9665.8975	love
9676.9195	0.0	9665.8975	love
9677.0322	0.0	9665.8975	love
9677.0378	0.0	9665.8975	love
9677.1547	1.0	9665.8975	love
9677.15765	0.0	9665.8975	love
9677.1634	0.0	9665.8975	love
9677.28245	0.0	9665.8975	love
9677.28835	0.0	9665.8975	love
9677.39895	0.0	9665.8975	love
9677.40475	0.0	9665.8975	love
9677.53625	0.0	9665.8975	love
9677.54215	0.0	9665.8975	love
9677.66425	0.0	9665.8975	love
9677.67	0.0	9665.8975	love
9677.7852	0.0	9665.8975	love
9677.79095	0.0	9665.8975	love
9677.9103	0.0	9665.8975	love
9677.91595	0.0	9665.8975	love
9678.033	0.0	9665.8975	love
9678.0387	0.0	9665.8975	love
9678.16575	0.0	9665.8975	love
9678.17185	0.0	9665.8975	love
9678.2958	0.0	9665.8975	love
9678.30155	0.0	9665.8975	love
9678.4177	0.0	9665.8975	love
9678.4235	0.0	9665.8975	love
9678.5424	0.0	9665.8975	love
9678.5482	0.0	9665.8975	love
9678.6709	0.0	9665.8975	love
9678.6766	0.0	9665.8975	love
9678.7955	0.0	9665.8975	love
9678.8012	0.0	9665.8975	love
9678.93865	0.0	9665.8975	love
9678.94445	0.0	9665.8975	love
9679.0625	0.0	9665.8975	love
9679.0683	0.0	9665.8975	love
9679.1821	0.0	9665.8975	love
9679.1877	0.0	9665.8975	love
9679.29055	0.0	9665.8975	love
9679.2965	0.0	9665.8975	love
9679.40415	0.0	9665.8975	love
9679.4098	0.0	9665.8975	love
9679.5243	0.0	9665.8975	love
9679.52975	0.0	9665.8975	love
9679.65695	0.0	9665.8975	love
9679.66275	0.0	9665.8975	love
9679.78365	0.0	9665.8975	love
9679.78945	0.0	9665.8975	love
9679.91895	0.0	9665.8975	love
9680.06775	0.0	9665.8975	love
9680.07365	0.0	9665.8975	love
9680.22795	0.0	9665.8975	love
9680.2336	0.0	9665.8975	love
9680.2357	0.0	9665.8975	love
9680.2397	0.0	9665.8975	love
9680.24245	0.0	9665.8975	love
9680.4137	0.0	9665.8975	love
9680.4192	0.0	9665.8975	love
9680.60445	0.0	9665.8975	love
9680.61005	0.0	9665.8975	love
9680.79385	0.0	9665.8975	love
9680.79995	0.0	9665.8975	love
9680.929	0.0	9665.8975	love
9680.93485	0.0	9665.8975	love
9681.06785	0.0	9665.8975	love
9681.07355	0.0	9665.8975	love
9681.2047	0.0	9665.8975	love
9681.21025	0.0	9665.8975	love
9681.34615	0.0	9665.8975	love
9681.35195	0.0	9665.8975	love
9681.4896	0.0	9665.8975	love
9681.49545	0.0	9665.8975	love
9681.6275	0.0	9665.8975	love
9681.6332	0.0	9665.8975	love
9681.73965	0.0	9665.8975	love
9681.74525	0.0	9665.8975	love
9681.85015	0.0	9665.8975	love
9681.97895	0.0	9665.8975	love
9681.98475	0.0	9665.8975	love
9711.5253	1.0	9710.9	love
9711.57515	1.0	9710.9	love
9711.6352	0.0	9710.9	love
9711.71725	1.0	9710.9	love
9711.84615	1.0	9710.9	love
9711.95025	1.0	9710.9	love
9712.0371	1.0	9710.9	love
9712.09505	1.0	9710.9	love
9713.61505	1.0	9710.9	love
9713.69965	1.0	9710.9	love
9713.85865	1.0	9710.9	love
9713.885	1.0	9710.9	love
9715.14415	1.0	9710.9	love
9715.2501	1.0	9710.9	love
9715.3058	1.0	9710.9	love
9716.63245	1.0	9710.9	love
9717.5002	1.0	9710.9	love
9717.61025	1.0	9710.9	love
9717.65575	1.0	9710.9	love
9717.6749	1.0	9710.9	love
9718.32005	1.0	9710.9	love
9718.46505	1.0	9710.9	love
9718.56805	1.0	9710.9	love
9720.5987	1.0	9710.9	love
9720.70165	1.0	9710.9	love
9720.7307	1.0	9710.9	love
9720.75755	1.0	9710.9	love
9720.8283	1.0	9710.9	love
9721.52375	1.0	9710.9	love
9721.5546	1.0	9710.9	love
9722.2186	1.0	9710.9	love
9722.6518	1.0	9710.9	love
9727.62285	1.0	9726.1	love
9727.8487	1.0	9726.1	love
9728.3117	1.0	9726.1	love
9728.39755	1.0	9726.1	love
9728.429	1.0	9726.1	love
9728.51655	1.0	9726.1	love
9728.54935	1.0	9726.1	love
9728.7126	1.0	9726.1	love
9728.8114	0.0	9726.1	love
9728.9033	1.0	9726.1	love
9728.9217	1.0	9726.1	love
9728.9578	1.0	9726.1	love
9729.4608	1.0	9726.1	love
9729.54125	1.0	9726.1	love
9729.5933	1.0	9726.1	love
9729.62045	1.0	9726.1	love
9729.70695	1.0	9726.1	love
9730.542	1.0	9726.1	love
9732.81505	1.0	9726.1	love
9733.0831	1.0	9726.1	love
9734.8432	1.0	9726.1	love
9735.11525	1.0	9726.1	love
9735.2963	1.0	9726.1	love
9735.32055	1.0	9726.1	love
9735.56445	1.0	9726.1	love
9735.60575	1.0	9726.1	love
9735.73775	1.0	9726.1	love
9735.9647	0.0	9726.1	love
9737.1542	1.0	9726.1	love
9738.69045	0.0	9726.1	love
9742.41515	0.0	9726.1	love
9742.4186	0.0	9726.1	love
9742.42175	0.0	9726.1	love
9745.74665	1.0	9744.7975	atten
9748.49405	1.0	9744.7975	atten
9748.6527	1.0	9744.7975	atten
9751.7451	1.0	9744.7975	atten
9752.0812	1.0	9744.7975	atten
9752.34475	1.0	9744.7975	atten
9753.95895	1.0	9744.7975	atten
9754.5134	1.0	9744.7975	atten
9755.0284	1.0	9744.7975	atten
9762.79925	1.0	9761.9475	atten
9762.96535	1.0	9761.9475	atten
9765.20645	1.0	9761.9475	atten
9765.7919	1.0	9761.9475	atten
9766.0781	1.0	9761.9475	atten
9766.4943	0.0	9761.9475	atten
9769.58315	1.0	9761.9475	atten
9771.49235	1.0	9761.9475	atten
9780.2372	1.0	9778.4025	atten
9780.641	1.0	9778.4025	atten
9780.8343	1.0	9778.4025	atten
9783.3167	1.0	9778.4025	atten
9783.4414	0.0	9778.4025	atten
9783.80255	1.0	9778.4025	atten
9786.124	1.0	9778.4025	atten
9786.30745	1.0	9778.4025	atten
9786.46455	1.0	9778.4025	atten
9786.7928	1.0	9778.4025	atten
9787.00585	1.0	9778.4025	atten
9789.60535	1.0	9778.4025	atten
9789.7536	1.0	9778.4025	atten
9797.8707	0.0	9797.4025	happy
9799.09785	1.0	9797.4025	happy
9800.6526	1.0	9797.4025	happy
9800.8132	1.0	9797.4025	happy
9802.70205	0.0	9797.4025	happy
9803.13585	0.0	9797.4025	happy
9803.5979	1.0	9797.4025	happy
9804.28475	1.0	9797.4025	happy
9805.47145	1.0	9797.4025	happy
9805.6169	1.0	9797.4025	happy
9806.06665	0.0	9797.4025	happy
9806.60425	1.0	9797.4025	happy
9807.1208	0.0	9797.4025	happy
9807.1264	0.0	9797.4025	happy
9807.1796	1.0	9797.4025	happy
9807.3769	1.0	9797.4025	happy
9807.45235	1.0	9797.4025	happy
9814.5888	0.0	9797.4025	happy
9816.3749	1.0	9816.0	happy
9817.06635	1.0	9816.0	happy
9817.17035	1.0	9816.0	happy
9817.43235	1.0	9816.0	happy
9817.525	1.0	9816.0	happy
9817.88745	1.0	9816.0	happy
9818.0404	1.0	9816.0	happy
9818.36005	1.0	9816.0	happy
9818.91655	1.0	9816.0	happy
9819.3872	0.0	9816.0	happy
9819.798	0.0	9816.0	happy
9820.20045	1.0	9816.0	happy
9821.01045	1.0	9816.0	happy
9821.09995	1.0	9816.0	happy
9821.28035	1.0	9816.0	happy
9823.3419	1.0	9816.0	happy
9823.97205	1.0	9816.0	happy
9824.3485	0.0	9816.0	happy
9824.60475	0.0	9816.0	happy
9825.54415	1.0	9816.0	happy
9826.5603	1.0	9816.0	happy
9827.8061	1.0	9816.0	happy
9828.6549	0.0	9816.0	happy
9834.49075	0.0	9816.0	happy
9836.50325	1.0	9834.8025	happy
9839.6608	1.0	9834.8025	happy
9840.0473	1.0	9834.8025	happy
9840.86435	1.0	9834.8025	happy
9841.4375	1.0	9834.8025	happy
9843.90365	1.0	9834.8025	happy
9845.38475	0.0	9834.8025	happy
9845.73065	0.0	9834.8025	happy
9845.73625	0.0	9834.8025	happy
9846.27535	1.0	9834.8025	happy
9846.66255	1.0	9834.8025	happy
9853.3369	1.0	9852.9975	sad
9853.49485	1.0	9852.9975	sad
9853.63205	1.0	9852.9975	sad
9853.71545	1.0	9852.9975	sad
9853.789	1.0	9852.9975	sad
9853.92315	1.0	9852.9975	sad
9853.95095	1.0	9852.9975	sad
9854.1833	1.0	9852.9975	sad
9854.2653	1.0	9852.9975	sad
9854.48305	1.0	9852.9975	sad
9854.5639	1.0	9852.9975	sad
9856.76055	1.0	9852.9975	sad
9856.7878	0.0	9852.9975	sad
9856.79	0.0	9852.9975	sad
9857.22565	1.0	9852.9975	sad
9857.23705	0.0	9852.9975	sad
9857.3447	1.0	9852.9975	sad
9857.43535	1.0	9852.9975	sad
9857.84285	0.0	9852.9975	sad
9857.9225	1.0	9852.9975	sad
9858.0875	0.0	9852.9975	sad
9858.2088	1.0	9852.9975	sad
9858.31255	0.0	9852.9975	sad
9858.8707	0.0	9852.9975	sad
9858.95215	0.0	9852.9975	sad
9859.3392	0.0	9852.9975	sad
9859.41425	0.0	9852.9975	sad
9859.71615	0.0	9852.9975	sad
9859.86295	0.0	9852.9975	sad
9860.54345	0.0	9852.9975	sad
9861.43895	0.0	9852.9975	sad
9861.5906	0.0	9852.9975	sad
9861.86505	0.0	9852.9975	sad
9862.185	0.0	9852.9975	sad
9862.33045	0.0	9852.9975	sad
9862.55135	0.0	9852.9975	sad
9863.1196	0.0	9852.9975	sad
9863.4756	0.0	9852.9975	sad
9863.72595	1.0	9852.9975	sad
9863.85235	0.0	9852.9975	sad
9863.85815	0.0	9852.9975	sad
9863.9362	0.0	9852.9975	sad
9863.9383	0.0	9852.9975	sad
9863.9461	0.0	9852.9975	sad
9863.95255	0.0	9852.9975	sad
9863.95975	0.0	9852.9975	sad
9863.9619	0.0	9852.9975	sad
9863.992	0.0	9852.9975	sad
9864.0093	0.0	9852.9975	sad
9864.01505	0.0	9852.9975	sad
9864.0304	1.0	9852.9975	sad
9864.0364	0.0	9852.9975	sad
9864.05545	0.0	9852.9975	sad
9864.0602	0.0	9852.9975	sad
9864.0678	0.0	9852.9975	sad
9864.07585	0.0	9852.9975	sad
9864.08575	0.0	9852.9975	sad
9864.17665	0.0	9852.9975	sad
9864.1966	0.0	9852.9975	sad
9864.211	0.0	9852.9975	sad
9864.2142	0.0	9852.9975	sad
9864.2902	0.0	9852.9975	sad
9864.297	0.0	9852.9975	sad
9864.30585	0.0	9852.9975	sad
9864.3179	0.0	9852.9975	sad
9864.37375	0.0	9852.9975	sad
9864.37705	0.0	9852.9975	sad
9864.37965	0.0	9852.9975	sad
9864.42965	0.0	9852.9975	sad
9864.4509	0.0	9852.9975	sad
9864.50335	0.0	9852.9975	sad
9864.5062	0.0	9852.9975	sad
9864.50995	0.0	9852.9975	sad
9864.51575	0.0	9852.9975	sad
9864.5201	0.0	9852.9975	sad
9864.5412	0.0	9852.9975	sad
9864.54535	0.0	9852.9975	sad
9864.5477	0.0	9852.9975	sad
9864.55945	0.0	9852.9975	sad
9864.5632	0.0	9852.9975	sad
9864.56555	0.0	9852.9975	sad
9864.5683	0.0	9852.9975	sad
9864.61905	0.0	9852.9975	sad
9864.62985	0.0	9852.9975	sad
9864.63475	0.0	9852.9975	sad
9864.64445	0.0	9852.9975	sad
9864.6501	0.0	9852.9975	sad
9864.65565	0.0	9852.9975	sad
9864.6673	0.0	9852.9975	sad
9864.67255	0.0	9852.9975	sad
9864.6828	0.0	9852.9975	sad
9864.6904	0.0	9852.9975	sad
9864.69525	0.0	9852.9975	sad
9864.7086	0.0	9852.9975	sad
9864.72425	0.0	9852.9975	sad
9864.7379	0.0	9852.9975	sad
9864.7403	0.0	9852.9975	sad
9864.74355	0.0	9852.9975	sad
9864.7598	0.0	9852.9975	sad
9864.7777	0.0	9852.9975	sad
9864.7919	0.0	9852.9975	sad
9864.8013	0.0	9852.9975	sad
9864.80785	0.0	9852.9975	sad
9864.8138	0.0	9852.9975	sad
9864.819	0.0	9852.9975	sad
9864.8266	0.0	9852.9975	sad
9864.8412	0.0	9852.9975	sad
9864.8788	0.0	9852.9975	sad
9864.8844	0.0	9852.9975	sad
9864.9039	0.0	9852.9975	sad
9864.91855	0.0	9852.9975	sad
9864.92515	0.0	9852.9975	sad
9864.9295	0.0	9852.9975	sad
9864.9402	0.0	9852.9975	sad
9864.94615	0.0	9852.9975	sad
9864.9612	0.0	9852.9975	sad
9864.97025	0.0	9852.9975	sad
9864.9934	0.0	9852.9975	sad
9865.0001	0.0	9852.9975	sad
9865.0138	0.0	9852.9975	sad
9865.0185	0.0	9852.9975	sad
9865.03905	0.0	9852.9975	sad
9865.0447	0.0	9852.9975	sad
9865.0468	0.0	9852.9975	sad
9865.04975	0.0	9852.9975	sad
9865.05245	0.0	9852.9975	sad
9865.06095	0.0	9852.9975	sad
9865.07195	0.0	9852.9975	sad
9865.08785	0.0	9852.9975	sad
9865.09315	0.0	9852.9975	sad
9865.10005	0.0	9852.9975	sad
9865.11115	0.0	9852.9975	sad
9865.11825	0.0	9852.9975	sad
9865.12035	0.0	9852.9975	sad
9865.14625	0.0	9852.9975	sad
9865.14835	0.0	9852.9975	sad
9865.15285	0.0	9852.9975	sad
9865.157	0.0	9852.9975	sad
9865.16215	0.0	9852.9975	sad
9865.16895	0.0	9852.9975	sad
9865.18925	0.0	9852.9975	sad
9865.19395	0.0	9852.9975	sad
9865.20245	0.0	9852.9975	sad
9865.24895	0.0	9852.9975	sad
9865.25435	0.0	9852.9975	sad
9865.25965	0.0	9852.9975	sad
9865.2667	0.0	9852.9975	sad
9865.2712	0.0	9852.9975	sad
9865.2767	0.0	9852.9975	sad
9865.285	0.0	9852.9975	sad
9865.28835	0.0	9852.9975	sad
9865.30245	0.0	9852.9975	sad
9865.3076	0.0	9852.9975	sad
9865.32655	0.0	9852.9975	sad
9865.3336	0.0	9852.9975	sad
9865.34595	0.0	9852.9975	sad
9865.35145	0.0	9852.9975	sad
9865.3615	0.0	9852.9975	sad
9865.3719	0.0	9852.9975	sad
9865.3777	0.0	9852.9975	sad
9865.40415	0.0	9852.9975	sad
9865.4353	0.0	9852.9975	sad
9865.43745	0.0	9852.9975	sad
9865.4416	0.0	9852.9975	sad
9865.444	0.0	9852.9975	sad
9865.4519	0.0	9852.9975	sad
9865.4551	0.0	9852.9975	sad
9865.4573	0.0	9852.9975	sad
9865.46855	0.0	9852.9975	sad
9865.4734	0.0	9852.9975	sad
9865.47895	0.0	9852.9975	sad
9865.4888	0.0	9852.9975	sad
9865.5024	0.0	9852.9975	sad
9865.50525	0.0	9852.9975	sad
9865.5279	0.0	9852.9975	sad
9865.53685	0.0	9852.9975	sad
9865.5421	0.0	9852.9975	sad
9865.54695	0.0	9852.9975	sad
9865.55235	0.0	9852.9975	sad
9865.55735	0.0	9852.9975	sad
9865.5685	0.0	9852.9975	sad
9865.5739	0.0	9852.9975	sad
9865.57845	0.0	9852.9975	sad
9865.58095	0.0	9852.9975	sad
9865.5839	0.0	9852.9975	sad
9865.5956	0.0	9852.9975	sad
9865.598	0.0	9852.9975	sad
9865.62385	0.0	9852.9975	sad
9865.63255	0.0	9852.9975	sad
9865.6349	0.0	9852.9975	sad
9865.64125	0.0	9852.9975	sad
9865.6659	0.0	9852.9975	sad
9865.67315	0.0	9852.9975	sad
9865.6786	0.0	9852.9975	sad
9865.6955	0.0	9852.9975	sad
9865.69825	0.0	9852.9975	sad
9865.70245	0.0	9852.9975	sad
9865.7106	0.0	9852.9975	sad
9865.72235	0.0	9852.9975	sad
9865.7335	0.0	9852.9975	sad
9865.73855	0.0	9852.9975	sad
9865.7416	0.0	9852.9975	sad
9865.74735	0.0	9852.9975	sad
9865.76035	0.0	9852.9975	sad
9865.774	0.0	9852.9975	sad
9865.7805	0.0	9852.9975	sad
9865.80215	0.0	9852.9975	sad
9865.80445	0.0	9852.9975	sad
9865.812	0.0	9852.9975	sad
9865.8179	0.0	9852.9975	sad
9865.8277	0.0	9852.9975	sad
9865.83445	0.0	9852.9975	sad
9865.8368	0.0	9852.9975	sad
9865.842	0.0	9852.9975	sad
9865.86475	0.0	9852.9975	sad
9865.8775	0.0	9852.9975	sad
9865.88535	0.0	9852.9975	sad
9865.8932	0.0	9852.9975	sad
9865.90625	0.0	9852.9975	sad
9865.911	0.0	9852.9975	sad
9865.92075	0.0	9852.9975	sad
9865.9228	0.0	9852.9975	sad
9865.9285	0.0	9852.9975	sad
9865.93855	0.0	9852.9975	sad
9865.94365	0.0	9852.9975	sad
9865.9506	0.0	9852.9975	sad
9865.9754	0.0	9852.9975	sad
9865.9795	0.0	9852.9975	sad
9865.98205	0.0	9852.9975	sad
9866.00375	0.0	9852.9975	sad
9866.00765	0.0	9852.9975	sad
9866.01005	0.0	9852.9975	sad
9866.0153	0.0	9852.9975	sad
9866.0343	0.0	9852.9975	sad
9866.0387	0.0	9852.9975	sad
9866.0562	0.0	9852.9975	sad
9866.06705	0.0	9852.9975	sad
9866.0695	0.0	9852.9975	sad
9866.07345	0.0	9852.9975	sad
9866.09345	0.0	9852.9975	sad
9866.10315	0.0	9852.9975	sad
9866.10785	0.0	9852.9975	sad
9866.1135	0.0	9852.9975	sad
9866.1179	0.0	9852.9975	sad
9866.1202	0.0	9852.9975	sad
9866.12515	0.0	9852.9975	sad
9866.1327	0.0	9852.9975	sad
9866.1531	0.0	9852.9975	sad
9866.1584	0.0	9852.9975	sad
9866.1841	0.0	9852.9975	sad
9866.19755	0.0	9852.9975	sad
9866.20315	0.0	9852.9975	sad
9866.20675	0.0	9852.9975	sad
9866.21095	0.0	9852.9975	sad
9866.22745	0.0	9852.9975	sad
9866.24305	0.0	9852.9975	sad
9866.2488	0.0	9852.9975	sad
9866.27	0.0	9852.9975	sad
9866.29025	0.0	9852.9975	sad
9866.29225	0.0	9852.9975	sad
9866.29725	0.0	9852.9975	sad
9866.3038	0.0	9852.9975	sad
9866.3077	0.0	9852.9975	sad
9866.31575	0.0	9852.9975	sad
9866.32135	0.0	9852.9975	sad
9866.3235	0.0	9852.9975	sad
9866.3933	0.0	9852.9975	sad
9866.4102	0.0	9852.9975	sad
9866.4166	0.0	9852.9975	sad
9866.48245	0.0	9852.9975	sad
9866.49715	0.0	9852.9975	sad
9866.5112	0.0	9852.9975	sad
9866.55785	0.0	9852.9975	sad
9866.5809	0.0	9852.9975	sad
9866.5869	0.0	9852.9975	sad
9866.59125	0.0	9852.9975	sad
9866.64345	0.0	9852.9975	sad
9866.6772	0.0	9852.9975	sad
9866.7139	0.0	9852.9975	sad
9866.767	1.0	9852.9975	sad
9866.77125	0.0	9852.9975	sad
9866.82565	0.0	9852.9975	sad
9866.852	0.0	9852.9975	sad
9866.85835	0.0	9852.9975	sad
9866.8643	0.0	9852.9975	sad
9866.8871	0.0	9852.9975	sad
9866.904	0.0	9852.9975	sad
9866.92505	0.0	9852.9975	sad
9866.94275	0.0	9852.9975	sad
9866.9484	0.0	9852.9975	sad
9866.95345	0.0	9852.9975	sad
9866.97565	0.0	9852.9975	sad
9866.98585	0.0	9852.9975	sad
9867.00535	0.0	9852.9975	sad
9867.00805	0.0	9852.9975	sad
9867.0105	0.0	9852.9975	sad
9867.0377	0.0	9852.9975	sad
9867.04755	0.0	9852.9975	sad
9867.059	0.0	9852.9975	sad
9867.08845	0.0	9852.9975	sad
9867.09505	0.0	9852.9975	sad
9867.1144	0.0	9852.9975	sad
9867.12975	0.0	9852.9975	sad
9867.13935	0.0	9852.9975	sad
9867.1422	0.0	9852.9975	sad
9867.14845	1.0	9852.9975	sad
9867.1718	0.0	9852.9975	sad
9867.17645	0.0	9852.9975	sad
9867.1866	0.0	9852.9975	sad
9867.1972	0.0	9852.9975	sad
9867.20095	0.0	9852.9975	sad
9867.20615	0.0	9852.9975	sad
9867.2098	0.0	9852.9975	sad
9867.21185	0.0	9852.9975	sad
9867.22135	0.0	9852.9975	sad
9867.22445	0.0	9852.9975	sad
9867.22835	0.0	9852.9975	sad
9867.2359	0.0	9852.9975	sad
9867.2408	0.0	9852.9975	sad
9867.2594	0.0	9852.9975	sad
9867.26705	0.0	9852.9975	sad
9867.2725	0.0	9852.9975	sad
9867.29385	0.0	9852.9975	sad
9867.29935	0.0	9852.9975	sad
9867.30505	0.0	9852.9975	sad
9867.3075	0.0	9852.9975	sad
9867.31015	0.0	9852.9975	sad
9867.32485	0.0	9852.9975	sad
9867.3292	0.0	9852.9975	sad
9867.33595	0.0	9852.9975	sad
9867.3413	0.0	9852.9975	sad
9867.34615	0.0	9852.9975	sad
9867.3502	0.0	9852.9975	sad
9867.37345	0.0	9852.9975	sad
9867.37995	0.0	9852.9975	sad
9867.3879	0.0	9852.9975	sad
9867.3933	0.0	9852.9975	sad
9867.3977	0.0	9852.9975	sad
9867.40765	0.0	9852.9975	sad
9867.4163	0.0	9852.9975	sad
9867.42	0.0	9852.9975	sad
9867.424	0.0	9852.9975	sad
9867.42655	0.0	9852.9975	sad
9867.42935	0.0	9852.9975	sad
9867.4341	0.0	9852.9975	sad
9867.4604	0.0	9852.9975	sad
9867.46665	0.0	9852.9975	sad
9867.47595	0.0	9852.9975	sad
9867.48185	0.0	9852.9975	sad
9867.49255	0.0	9852.9975	sad
9867.5106	0.0	9852.9975	sad
9867.51465	0.0	9852.9975	sad
9867.51865	0.0	9852.9975	sad
9867.527	0.0	9852.9975	sad
9867.5322	0.0	9852.9975	sad
9867.54265	0.0	9852.9975	sad
9867.54495	0.0	9852.9975	sad
9867.55015	0.0	9852.9975	sad
9867.56785	0.0	9852.9975	sad
9867.5727	0.0	9852.9975	sad
9867.5846	0.0	9852.9975	sad
9867.59795	0.0	9852.9975	sad
9867.6038	0.0	9852.9975	sad
9867.6137	0.0	9852.9975	sad
9867.61995	0.0	9852.9975	sad
9867.62575	0.0	9852.9975	sad
9867.6325	0.0	9852.9975	sad
9867.64945	0.0	9852.9975	sad
9867.656	0.0	9852.9975	sad
9867.6657	0.0	9852.9975	sad
9867.6685	0.0	9852.9975	sad
9867.6717	0.0	9852.9975	sad
9867.67645	0.0	9852.9975	sad
9867.6896	0.0	9852.9975	sad
9867.696	0.0	9852.9975	sad
9867.7093	0.0	9852.9975	sad
9867.7182	0.0	9852.9975	sad
9867.73255	0.0	9852.9975	sad
9867.73995	0.0	9852.9975	sad
9867.74605	0.0	9852.9975	sad
9867.75205	0.0	9852.9975	sad
9867.7593	0.0	9852.9975	sad
9867.7852	0.0	9852.9975	sad
9867.7899	0.0	9852.9975	sad
9867.79715	0.0	9852.9975	sad
9867.8025	0.0	9852.9975	sad
9867.81105	0.0	9852.9975	sad
9867.81815	0.0	9852.9975	sad
9867.82435	0.0	9852.9975	sad
9867.82655	0.0	9852.9975	sad
9867.83235	0.0	9852.9975	sad
9867.8437	0.0	9852.9975	sad
9867.85525	0.0	9852.9975	sad
9867.86135	0.0	9852.9975	sad
9867.8825	0.0	9852.9975	sad
9867.8913	0.0	9852.9975	sad
9867.9019	0.0	9852.9975	sad
9867.91185	0.0	9852.9975	sad
9867.92245	0.0	9852.9975	sad
9867.92495	0.0	9852.9975	sad
9867.9306	0.0	9852.9975	sad
9867.9327	0.0	9852.9975	sad
9867.93535	0.0	9852.9975	sad
9867.93875	0.0	9852.9975	sad
9867.94425	0.0	9852.9975	sad
9867.97955	0.0	9852.9975	sad
9867.98445	0.0	9852.9975	sad
9868.0086	0.0	9852.9975	sad
9868.01655	0.0	9852.9975	sad
9868.0223	0.0	9852.9975	sad
10026.332	1.0	10024.3	sad
10026.6705	1.0	10024.3	sad
10026.8552	1.0	10024.3	sad
10026.94095	1.0	10024.3	sad
10027.2345	1.0	10024.3	sad
10028.38365	1.0	10024.3	sad
10028.71075	1.0	10024.3	sad
10029.64795	1.0	10024.3	sad
10029.8698	1.0	10024.3	sad
10033.13745	1.0	10024.3	sad
10033.4647	1.0	10024.3	sad
10033.5175	1.0	10024.3	sad
10033.81895	1.0	10024.3	sad
10034.1124	1.0	10024.3	sad
10034.17345	1.0	10024.3	sad
10034.28855	1.0	10024.3	sad
10034.36165	1.0	10024.3	sad
10034.3898	1.0	10024.3	sad
10034.4793	1.0	10024.3	sad
10034.80605	1.0	10024.3	sad
10034.88345	1.0	10024.3	sad
10036.00045	0.0	10024.3	sad
10265.41835	1.0	10262.9975	sad
10265.4483	1.0	10262.9975	sad
10265.4798	1.0	10262.9975	sad
10265.56395	1.0	10262.9975	sad
10265.5856	1.0	10262.9975	sad
10265.61415	0.0	10262.9975	sad
10265.61885	0.0	10262.9975	sad
10265.6431	1.0	10262.9975	sad
10265.66815	1.0	10262.9975	sad
10265.71785	1.0	10262.9975	sad
10265.7682	1.0	10262.9975	sad
10265.79525	1.0	10262.9975	sad
10265.8726	1.0	10262.9975	sad
10265.91455	1.0	10262.9975	sad
10265.9562	1.0	10262.9975	sad
10266.10315	1.0	10262.9975	sad
10266.14295	1.0	10262.9975	sad
10266.3141	1.0	10262.9975	sad
10266.44715	1.0	10262.9975	sad
10266.82335	1.0	10262.9975	sad
10266.9396	1.0	10262.9975	sad
10266.99795	1.0	10262.9975	sad
10267.02605	1.0	10262.9975	sad
10267.09555	1.0	10262.9975	sad
10267.1288	1.0	10262.9975	sad
10267.1596	1.0	10262.9975	sad
10267.19775	1.0	10262.9975	sad
10267.236	1.0	10262.9975	sad
10267.2878	1.0	10262.9975	sad
10267.6296	1.0	10262.9975	sad
10267.79395	1.0	10262.9975	sad
10268.03	1.0	10262.9975	sad
10268.0618	1.0	10262.9975	sad
10268.1028	1.0	10262.9975	sad
10268.1428	1.0	10262.9975	sad
10268.18255	1.0	10262.9975	sad
10268.21565	1.0	10262.9975	sad
10268.25515	1.0	10262.9975	sad
10268.4252	1.0	10262.9975	sad
10269.09785	1.0	10262.9975	sad
10269.27695	1.0	10262.9975	sad
10269.78805	1.0	10262.9975	sad
10270.0468	1.0	10262.9975	sad
10270.10975	1.0	10262.9975	sad
10270.19165	1.0	10262.9975	sad
10270.2396	1.0	10262.9975	sad
10270.4337	1.0	10262.9975	sad
10270.5721	1.0	10262.9975	sad
10270.65685	1.0	10262.9975	sad
10270.7873	1.0	10262.9975	sad
10271.10155	1.0	10262.9975	sad
10271.15605	1.0	10262.9975	sad
10271.67705	1.0	10262.9975	sad
10272.81025	0.0	10262.9975	sad
10282.1491	1.0	10282.005	sad
10282.20845	1.0	10282.005	sad
10282.4079	1.0	10282.005	sad
10282.44705	1.0	10282.005	sad
10282.4693	1.0	10282.005	sad
10282.56475	1.0	10282.005	sad
10284.4234	1.0	10282.005	sad
10284.84495	1.0	10282.005	sad
10285.5422	1.0	10282.005	sad
10287.70485	0.0	10282.005	sad
10287.82365	1.0	10282.005	sad
10288.26065	1.0	10282.005	sad
10290.14595	0.0	10282.005	sad
10290.32885	1.0	10282.005	sad
10290.3756	0.0	10282.005	sad
10291.1276	0.0	10282.005	sad
10291.3466	0.0	10282.005	sad
10293.43875	0.0	10282.005	sad
10293.7948	1.0	10282.005	sad
10302.7292	1.0	10299.9	gratitude
10303.8284	1.0	10299.9	gratitude
10303.9433	1.0	10299.9	gratitude
10304.02595	1.0	10299.9	gratitude
10304.0624	1.0	10299.9	gratitude
10304.096	1.0	10299.9	gratitude
10304.1509	1.0	10299.9	gratitude
10304.19865	1.0	10299.9	gratitude
10304.29305	1.0	10299.9	gratitude
10305.73145	1.0	10299.9	gratitude
10306.31965	1.0	10299.9	gratitude
10306.507	1.0	10299.9	gratitude
10307.83095	0.0	10299.9	gratitude
10309.27895	1.0	10299.9	gratitude
10309.9862	1.0	10299.9	gratitude
10310.21475	1.0	10299.9	gratitude
10313.3853	0.0	10299.9	gratitude
10316.41335	0.0	10315.2025	gratitude
10316.41675	0.0	10315.2025	gratitude
10316.42145	0.0	10315.2025	gratitude
10316.62415	1.0	10315.2025	gratitude
10317.4252	1.0	10315.2025	gratitude
10317.60015	1.0	10315.2025	gratitude
10317.6763	1.0	10315.2025	gratitude
10317.7612	1.0	10315.2025	gratitude
10319.22105	1.0	10315.2025	gratitude
10319.2776	0.0	10315.2025	gratitude
10319.43465	0.0	10315.2025	gratitude
10319.44075	0.0	10315.2025	gratitude
10319.5794	0.0	10315.2025	gratitude
10319.58525	0.0	10315.2025	gratitude
10319.69775	0.0	10315.2025	gratitude
10319.70385	0.0	10315.2025	gratitude
10319.81955	0.0	10315.2025	gratitude
10319.8251	0.0	10315.2025	gratitude
10319.89935	1.0	10315.2025	gratitude
10319.93915	0.0	10315.2025	gratitude
10319.9449	0.0	10315.2025	gratitude
10320.0608	0.0	10315.2025	gratitude
10320.0664	0.0	10315.2025	gratitude
10320.07715	1.0	10315.2025	gratitude
10320.17125	0.0	10315.2025	gratitude
10320.17715	0.0	10315.2025	gratitude
10320.25	1.0	10315.2025	gratitude
10320.2742	0.0	10315.2025	gratitude
10320.28005	0.0	10315.2025	gratitude
10320.37575	0.0	10315.2025	gratitude
10320.3815	0.0	10315.2025	gratitude
10320.48725	0.0	10315.2025	gratitude
10320.4926	0.0	10315.2025	gratitude
10320.60295	0.0	10315.2025	gratitude
10320.6085	0.0	10315.2025	gratitude
10320.6904	1.0	10315.2025	gratitude
10320.73135	0.0	10315.2025	gratitude
10320.73705	0.0	10315.2025	gratitude
10320.76015	1.0	10315.2025	gratitude
10320.84715	0.0	10315.2025	gratitude
10320.85255	0.0	10315.2025	gratitude
10320.9085	0.0	10315.2025	gratitude
10320.9675	1.0	10315.2025	gratitude
10320.9789	0.0	10315.2025	gratitude
10320.9845	0.0	10315.2025	gratitude
10321.11095	0.0	10315.2025	gratitude
10321.11685	0.0	10315.2025	gratitude
10321.1326	1.0	10315.2025	gratitude
10321.21315	1.0	10315.2025	gratitude
10321.2382	0.0	10315.2025	gratitude
10321.24375	0.0	10315.2025	gratitude
10321.3237	1.0	10315.2025	gratitude
10321.3763	0.0	10315.2025	gratitude
10321.3819	0.0	10315.2025	gratitude
10321.53545	0.0	10315.2025	gratitude
10321.54115	0.0	10315.2025	gratitude
10321.67435	0.0	10315.2025	gratitude
10321.68005	0.0	10315.2025	gratitude
10321.8236	0.0	10315.2025	gratitude
10321.8294	0.0	10315.2025	gratitude
10321.8458	1.0	10315.2025	gratitude
10321.961	1.0	10315.2025	gratitude
10322.01085	0.0	10315.2025	gratitude
10322.0166	0.0	10315.2025	gratitude
10322.15645	0.0	10315.2025	gratitude
10322.16225	0.0	10315.2025	gratitude
10322.28955	0.0	10315.2025	gratitude
10322.29545	0.0	10315.2025	gratitude
10322.42845	0.0	10315.2025	gratitude
10322.43435	0.0	10315.2025	gratitude
10322.583	0.0	10315.2025	gratitude
10322.5887	0.0	10315.2025	gratitude
10322.72125	0.0	10315.2025	gratitude
10322.72685	0.0	10315.2025	gratitude
10322.86505	0.0	10315.2025	gratitude
10322.87075	0.0	10315.2025	gratitude
10323.00915	0.0	10315.2025	gratitude
10323.0148	0.0	10315.2025	gratitude
10323.1411	0.0	10315.2025	gratitude
10323.1469	0.0	10315.2025	gratitude
10323.2905	0.0	10315.2025	gratitude
10323.29635	0.0	10315.2025	gratitude
10323.4152	0.0	10315.2025	gratitude
10323.42115	0.0	10315.2025	gratitude
10323.534	0.0	10315.2025	gratitude
10323.5399	0.0	10315.2025	gratitude
10323.6527	0.0	10315.2025	gratitude
10323.6582	0.0	10315.2025	gratitude
10323.75635	0.0	10315.2025	gratitude
10323.7619	0.0	10315.2025	gratitude
10323.8721	0.0	10315.2025	gratitude
10323.8779	0.0	10315.2025	gratitude
10323.97575	0.0	10315.2025	gratitude
10323.98145	0.0	10315.2025	gratitude
10324.07555	0.0	10315.2025	gratitude
10324.08085	0.0	10315.2025	gratitude
10324.1044	1.0	10315.2025	gratitude
10324.176	0.0	10315.2025	gratitude
10324.1816	0.0	10315.2025	gratitude
10324.2851	0.0	10315.2025	gratitude
10324.2909	0.0	10315.2025	gratitude
10324.3025	1.0	10315.2025	gratitude
10324.3874	0.0	10315.2025	gratitude
10324.3931	0.0	10315.2025	gratitude
10324.49475	0.0	10315.2025	gratitude
10324.49995	0.0	10315.2025	gratitude
10324.57435	1.0	10315.2025	gratitude
10324.60705	0.0	10315.2025	gratitude
10324.61255	0.0	10315.2025	gratitude
10324.73205	0.0	10315.2025	gratitude
10324.73775	0.0	10315.2025	gratitude
10324.85595	0.0	10315.2025	gratitude
10324.86145	0.0	10315.2025	gratitude
10325.0037	0.0	10315.2025	gratitude
10325.0094	0.0	10315.2025	gratitude
10325.0885	1.0	10315.2025	gratitude
10325.1388	0.0	10315.2025	gratitude
10325.14435	0.0	10315.2025	gratitude
10325.26905	1.0	10315.2025	gratitude
10325.28175	0.0	10315.2025	gratitude
10325.28755	0.0	10315.2025	gratitude
10325.36555	1.0	10315.2025	gratitude
10325.4035	1.0	10315.2025	gratitude
10325.4115	0.0	10315.2025	gratitude
10325.4175	0.0	10315.2025	gratitude
10325.4343	1.0	10315.2025	gratitude
10325.4859	1.0	10315.2025	gratitude
10325.55715	0.0	10315.2025	gratitude
10325.56275	0.0	10315.2025	gratitude
10325.70895	0.0	10315.2025	gratitude
10325.7148	0.0	10315.2025	gratitude
10325.85315	0.0	10315.2025	gratitude
10325.85875	0.0	10315.2025	gratitude
10325.91715	1.0	10315.2025	gratitude
10325.9947	0.0	10315.2025	gratitude
10326.00035	0.0	10315.2025	gratitude
10326.11165	1.0	10315.2025	gratitude
10326.1365	0.0	10315.2025	gratitude
10326.1421	0.0	10315.2025	gratitude
10326.24895	0.0	10315.2025	gratitude
10326.2547	0.0	10315.2025	gratitude
10326.35855	0.0	10315.2025	gratitude
10326.36415	0.0	10315.2025	gratitude
10326.461	0.0	10315.2025	gratitude
10326.4667	0.0	10315.2025	gratitude
10326.54505	0.0	10315.2025	gratitude
10326.5506	0.0	10315.2025	gratitude
10326.6384	0.0	10315.2025	gratitude
10326.64415	0.0	10315.2025	gratitude
10326.74225	0.0	10315.2025	gratitude
10326.74775	0.0	10315.2025	gratitude
10326.84555	0.0	10315.2025	gratitude
10326.851	0.0	10315.2025	gratitude
10326.9523	0.0	10315.2025	gratitude
10326.95775	0.0	10315.2025	gratitude
10327.06845	0.0	10315.2025	gratitude
10327.0739	0.0	10315.2025	gratitude
10327.1831	0.0	10315.2025	gratitude
10327.1887	0.0	10315.2025	gratitude
10327.30055	0.0	10315.2025	gratitude
10327.3061	0.0	10315.2025	gratitude
10327.43055	0.0	10315.2025	gratitude
10327.4363	0.0	10315.2025	gratitude
10327.55235	0.0	10315.2025	gratitude
10327.5581	0.0	10315.2025	gratitude
10327.6706	0.0	10315.2025	gratitude
10327.67625	0.0	10315.2025	gratitude
10327.771	0.0	10315.2025	gratitude
10327.7769	0.0	10315.2025	gratitude
10327.876	0.0	10315.2025	gratitude
10327.8816	0.0	10315.2025	gratitude
10327.9711	0.0	10315.2025	gratitude
10327.9766	0.0	10315.2025	gratitude
10328.0658	0.0	10315.2025	gratitude
10328.0712	0.0	10315.2025	gratitude
10328.1629	0.0	10315.2025	gratitude
10328.1685	0.0	10315.2025	gratitude
10328.26985	0.0	10315.2025	gratitude
10328.27545	0.0	10315.2025	gratitude
10328.3812	0.0	10315.2025	gratitude
10328.38665	0.0	10315.2025	gratitude
10328.5008	0.0	10315.2025	gratitude
10328.50655	0.0	10315.2025	gratitude
10328.62645	0.0	10315.2025	gratitude
10328.63205	0.0	10315.2025	gratitude
10328.7383	0.0	10315.2025	gratitude
10328.74355	0.0	10315.2025	gratitude
10328.85575	0.0	10315.2025	gratitude
10328.8614	0.0	10315.2025	gratitude
10328.97355	0.0	10315.2025	gratitude
10328.9791	0.0	10315.2025	gratitude
10329.106	0.0	10315.2025	gratitude
10329.1118	0.0	10315.2025	gratitude
10329.24875	0.0	10315.2025	gratitude
10329.2544	0.0	10315.2025	gratitude
10329.39495	0.0	10315.2025	gratitude
10329.4005	0.0	10315.2025	gratitude
10329.57005	0.0	10315.2025	gratitude
10329.57565	0.0	10315.2025	gratitude
10329.7753	0.0	10315.2025	gratitude
10329.7811	0.0	10315.2025	gratitude
10329.98825	0.0	10315.2025	gratitude
10329.9941	0.0	10315.2025	gratitude
10330.1692	0.0	10315.2025	gratitude
10330.17495	0.0	10315.2025	gratitude
10330.40195	0.0	10315.2025	gratitude
10330.40785	0.0	10315.2025	gratitude
10330.70615	0.0	10315.2025	gratitude
10330.7118	0.0	10315.2025	gratitude
10330.9399	0.0	10315.2025	gratitude
10330.9458	0.0	10315.2025	gratitude
10331.1627	0.0	10315.2025	gratitude
10331.1686	0.0	10315.2025	gratitude
10331.34715	0.0	10315.2025	gratitude
10331.3531	0.0	10315.2025	gratitude
10331.4901	0.0	10315.2025	gratitude
10331.49595	0.0	10315.2025	gratitude
10331.5956	0.0	10315.2025	gratitude
10331.60135	0.0	10315.2025	gratitude
10331.7236	0.0	10315.2025	gratitude
10331.7292	0.0	10315.2025	gratitude
10331.833	0.0	10315.2025	gratitude
10331.83865	0.0	10315.2025	gratitude
10331.9657	0.0	10315.2025	gratitude
10331.97165	0.0	10315.2025	gratitude
10332.0973	0.0	10315.2025	gratitude
10332.103	0.0	10315.2025	gratitude
10332.2085	0.0	10315.2025	gratitude
10332.21425	0.0	10315.2025	gratitude
10332.30205	0.0	10315.2025	gratitude
10332.30765	0.0	10315.2025	gratitude
10332.40695	0.0	10315.2025	gratitude
10332.41265	0.0	10315.2025	gratitude
10332.50775	0.0	10315.2025	gratitude
10332.51315	0.0	10315.2025	gratitude
10332.6127	0.0	10315.2025	gratitude
10332.6184	0.0	10315.2025	gratitude
10332.71935	0.0	10315.2025	gratitude
10332.72475	0.0	10315.2025	gratitude
10332.8231	0.0	10315.2025	gratitude
10332.82865	0.0	10315.2025	gratitude
10332.9181	0.0	10315.2025	gratitude
10332.9233	0.0	10315.2025	gratitude
10333.02175	0.0	10315.2025	gratitude
10333.0272	0.0	10315.2025	gratitude
10333.1236	0.0	10315.2025	gratitude
10333.12915	0.0	10315.2025	gratitude
10333.22665	0.0	10315.2025	gratitude
10333.2319	0.0	10315.2025	gratitude
10333.3466	0.0	10315.2025	gratitude
10333.35225	0.0	10315.2025	gratitude
10333.4943	0.0	10315.2025	gratitude
10333.4999	0.0	10315.2025	gratitude
10333.69125	0.0	10315.2025	gratitude
10333.697	0.0	10315.2025	gratitude
10333.9307	0.0	10315.2025	gratitude
10333.93665	0.0	10315.2025	gratitude
10334.32195	0.0	10315.2025	gratitude
10334.32795	0.0	10315.2025	gratitude
10334.4938	1.0	10315.2025	gratitude
10334.55015	0.0	10315.2025	gratitude
10334.5561	0.0	10315.2025	gratitude
10334.8151	0.0	10315.2025	gratitude
10334.821	0.0	10315.2025	gratitude
10334.82325	1.0	10315.2025	gratitude
10335.228	0.0	10315.2025	gratitude
10335.234	0.0	10315.2025	gratitude
10335.59415	0.0	10315.2025	gratitude
10335.60005	0.0	10315.2025	gratitude
10335.85475	0.0	10315.2025	gratitude
10335.86075	0.0	10315.2025	gratitude
10339.93385	1.0	10339.4	gratitude
10340.14515	1.0	10339.4	gratitude
10340.30875	1.0	10339.4	gratitude
10340.6586	1.0	10339.4	gratitude
10340.8248	1.0	10339.4	gratitude
10341.5814	1.0	10339.4	gratitude
10341.61825	1.0	10339.4	gratitude
10341.65245	1.0	10339.4	gratitude
10341.69015	1.0	10339.4	gratitude
10341.854	1.0	10339.4	gratitude
10344.00425	1.0	10339.4	gratitude
10344.18115	1.0	10339.4	gratitude
10344.50395	1.0	10339.4	gratitude
10344.5571	1.0	10339.4	gratitude
10345.1873	1.0	10339.4	gratitude
10345.2278	1.0	10339.4	gratitude
10345.2744	1.0	10339.4	gratitude
10345.37265	1.0	10339.4	gratitude
10345.7977	1.0	10339.4	gratitude
10345.89965	1.0	10339.4	gratitude
10345.9694	1.0	10339.4	gratitude
10346.04685	1.0	10339.4	gratitude
10346.1303	1.0	10339.4	gratitude
10346.77435	0.0	10339.4	gratitude
10349.54515	1.0	10339.4	gratitude
10349.63995	1.0	10339.4	gratitude
10349.77405	0.0	10339.4	gratitude
10349.8656	1.0	10339.4	gratitude
10350.08385	1.0	10339.4	gratitude
10354.0942	0.0	10339.4	gratitude
10354.0963	0.0	10339.4	gratitude
10355.6817	1.0	10354.9	gratitude
10356.5072	1.0	10354.9	gratitude
10356.58795	1.0	10354.9	gratitude
10356.6608	1.0	10354.9	gratitude
10356.7349	1.0	10354.9	gratitude
10356.92245	1.0	10354.9	gratitude
10357.12405	1.0	10354.9	gratitude
10357.17305	1.0	10354.9	gratitude
10357.25765	1.0	10354.9	gratitude
10357.2998	1.0	10354.9	gratitude
10357.33875	1.0	10354.9	gratitude
10357.3787	1.0	10354.9	gratitude
10357.4257	1.0	10354.9	gratitude
10357.4686	1.0	10354.9	gratitude
10357.60085	1.0	10354.9	gratitude
10357.7705	1.0	10354.9	gratitude
10358.0578	1.0	10354.9	gratitude
10358.29155	1.0	10354.9	gratitude
10358.46805	0.0	10354.9	gratitude
10358.59505	0.0	10354.9	gratitude
10358.60095	0.0	10354.9	gratitude
10358.7054	0.0	10354.9	gratitude
10358.71125	0.0	10354.9	gratitude
10358.8206	0.0	10354.9	gratitude
10358.8268	0.0	10354.9	gratitude
10358.9424	0.0	10354.9	gratitude
10358.9481	0.0	10354.9	gratitude
10359.0872	0.0	10354.9	gratitude
10359.09265	0.0	10354.9	gratitude
10359.199	0.0	10354.9	gratitude
10359.2047	0.0	10354.9	gratitude
10359.3055	0.0	10354.9	gratitude
10359.3113	0.0	10354.9	gratitude
10359.42405	0.0	10354.9	gratitude
10359.42965	0.0	10354.9	gratitude
10359.5397	0.0	10354.9	gratitude
10359.5453	0.0	10354.9	gratitude
10359.6829	0.0	10354.9	gratitude
10359.6886	0.0	10354.9	gratitude
10359.82345	0.0	10354.9	gratitude
10359.8294	0.0	10354.9	gratitude
10359.90905	1.0	10354.9	gratitude
10359.97385	0.0	10354.9	gratitude
10359.97955	0.0	10354.9	gratitude
10360.01305	1.0	10354.9	gratitude
10360.11345	1.0	10354.9	gratitude
10360.1178	0.0	10354.9	gratitude
10360.12345	0.0	10354.9	gratitude
10360.26805	0.0	10354.9	gratitude
10360.2737	0.0	10354.9	gratitude
10360.4225	0.0	10354.9	gratitude
10360.42835	0.0	10354.9	gratitude
10360.579	0.0	10354.9	gratitude
10360.58455	0.0	10354.9	gratitude
10360.7322	0.0	10354.9	gratitude
10360.738	0.0	10354.9	gratitude
10360.85785	0.0	10354.9	gratitude
10360.8635	0.0	10354.9	gratitude
10361.0075	0.0	10354.9	gratitude
10361.0132	0.0	10354.9	gratitude
10361.0529	1.0	10354.9	gratitude
10361.15715	1.0	10354.9	gratitude
10361.1716	0.0	10354.9	gratitude
10361.17725	0.0	10354.9	gratitude
10361.20315	1.0	10354.9	gratitude
10361.2555	1.0	10354.9	gratitude
10361.3326	0.0	10354.9	gratitude
10361.3383	0.0	10354.9	gratitude
10361.3652	1.0	10354.9	gratitude
10361.4906	0.0	10354.9	gratitude
10361.4964	0.0	10354.9	gratitude
10361.6459	0.0	10354.9	gratitude
10361.6518	0.0	10354.9	gratitude
10361.79585	0.0	10354.9	gratitude
10361.8017	0.0	10354.9	gratitude
10361.94395	0.0	10354.9	gratitude
10361.9497	0.0	10354.9	gratitude
10362.0752	0.0	10354.9	gratitude
10362.08085	0.0	10354.9	gratitude
10362.2108	0.0	10354.9	gratitude
10362.2166	0.0	10354.9	gratitude
10362.3396	0.0	10354.9	gratitude
10362.34535	0.0	10354.9	gratitude
10362.466	0.0	10354.9	gratitude
10362.47185	0.0	10354.9	gratitude
10362.579	0.0	10354.9	gratitude
10362.58405	0.0	10354.9	gratitude
10362.681	0.0	10354.9	gratitude
10362.6866	0.0	10354.9	gratitude
10362.7874	0.0	10354.9	gratitude
10362.79285	0.0	10354.9	gratitude
10362.89105	0.0	10354.9	gratitude
10362.89665	0.0	10354.9	gratitude
10362.9969	0.0	10354.9	gratitude
10363.0024	0.0	10354.9	gratitude
10363.09575	0.0	10354.9	gratitude
10363.10125	0.0	10354.9	gratitude
10363.20675	0.0	10354.9	gratitude
10363.2123	0.0	10354.9	gratitude
10363.30305	0.0	10354.9	gratitude
10363.30845	0.0	10354.9	gratitude
10363.3999	0.0	10354.9	gratitude
10363.4057	0.0	10354.9	gratitude
10363.5056	0.0	10354.9	gratitude
10363.5111	0.0	10354.9	gratitude
10363.61115	0.0	10354.9	gratitude
10363.61665	0.0	10354.9	gratitude
10363.72955	0.0	10354.9	gratitude
10363.7349	0.0	10354.9	gratitude
10363.8397	0.0	10354.9	gratitude
10363.8453	0.0	10354.9	gratitude
10363.96	0.0	10354.9	gratitude
10363.96555	0.0	10354.9	gratitude
10364.07845	0.0	10354.9	gratitude
10364.08375	0.0	10354.9	gratitude
10364.18225	1.0	10354.9	gratitude
10364.19685	0.0	10354.9	gratitude
10364.2023	0.0	10354.9	gratitude
10364.26095	1.0	10354.9	gratitude
10364.3189	0.0	10354.9	gratitude
10364.3245	0.0	10354.9	gratitude
10364.4346	0.0	10354.9	gratitude
10364.44005	0.0	10354.9	gratitude
10364.56895	0.0	10354.9	gratitude
10364.5745	0.0	10354.9	gratitude
10364.63755	1.0	10354.9	gratitude
10364.69925	1.0	10354.9	gratitude
10364.7025	0.0	10354.9	gratitude
10364.70815	0.0	10354.9	gratitude
10364.7258	1.0	10354.9	gratitude
10364.8161	1.0	10354.9	gratitude
10364.84875	1.0	10354.9	gratitude
10364.8517	0.0	10354.9	gratitude
10364.85725	0.0	10354.9	gratitude
10364.8913	1.0	10354.9	gratitude
10364.9938	0.0	10354.9	gratitude
10364.9994	0.0	10354.9	gratitude
10365.04545	1.0	10354.9	gratitude
10365.097	1.0	10354.9	gratitude
10365.14255	1.0	10354.9	gratitude
10365.1519	0.0	10354.9	gratitude
10365.15765	0.0	10354.9	gratitude
10365.2322	1.0	10354.9	gratitude
10365.3228	0.0	10354.9	gratitude
10365.32865	0.0	10354.9	gratitude
10365.39275	1.0	10354.9	gratitude
10365.49905	0.0	10354.9	gratitude
10365.5047	0.0	10354.9	gratitude
10365.63615	0.0	10354.9	gratitude
10365.64185	0.0	10354.9	gratitude
10365.7555	0.0	10354.9	gratitude
10365.76065	0.0	10354.9	gratitude
10365.8626	0.0	10354.9	gratitude
10365.8686	0.0	10354.9	gratitude
10365.969	0.0	10354.9	gratitude
10365.97455	0.0	10354.9	gratitude
10366.0784	0.0	10354.9	gratitude
10366.08395	0.0	10354.9	gratitude
10366.17775	0.0	10354.9	gratitude
10366.18345	0.0	10354.9	gratitude
10366.29025	0.0	10354.9	gratitude
10366.296	0.0	10354.9	gratitude
10366.398	0.0	10354.9	gratitude
10366.4034	0.0	10354.9	gratitude
10366.4959	0.0	10354.9	gratitude
10366.5015	0.0	10354.9	gratitude
10366.6104	0.0	10354.9	gratitude
10366.61585	0.0	10354.9	gratitude
10366.72645	0.0	10354.9	gratitude
10366.73205	0.0	10354.9	gratitude
10366.83955	0.0	10354.9	gratitude
10366.84495	0.0	10354.9	gratitude
10366.93365	0.0	10354.9	gratitude
10366.9392	0.0	10354.9	gratitude
10367.03205	0.0	10354.9	gratitude
10367.0376	0.0	10354.9	gratitude
10367.1241	0.0	10354.9	gratitude
10367.1297	0.0	10354.9	gratitude
10367.2058	0.0	10354.9	gratitude
10367.2112	0.0	10354.9	gratitude
10367.3036	0.0	10354.9	gratitude
10367.3092	0.0	10354.9	gratitude
10367.41195	0.0	10354.9	gratitude
10367.4173	0.0	10354.9	gratitude
10367.50425	0.0	10354.9	gratitude
10367.50985	0.0	10354.9	gratitude
10367.60865	0.0	10354.9	gratitude
10367.61425	0.0	10354.9	gratitude
10367.7189	0.0	10354.9	gratitude
10367.7243	0.0	10354.9	gratitude
10367.81505	0.0	10354.9	gratitude
10367.8207	0.0	10354.9	gratitude
10367.92095	0.0	10354.9	gratitude
10367.92645	0.0	10354.9	gratitude
10368.0229	0.0	10354.9	gratitude
10368.0284	0.0	10354.9	gratitude
10368.1088	0.0	10354.9	gratitude
10368.11435	0.0	10354.9	gratitude
10368.21205	0.0	10354.9	gratitude
10368.21775	0.0	10354.9	gratitude
10368.31295	0.0	10354.9	gratitude
10368.3186	0.0	10354.9	gratitude
10368.41485	0.0	10354.9	gratitude
10368.42045	0.0	10354.9	gratitude
10368.51535	0.0	10354.9	gratitude
10368.52075	0.0	10354.9	gratitude
10368.6196	0.0	10354.9	gratitude
10368.6251	0.0	10354.9	gratitude
10368.72395	0.0	10354.9	gratitude
10368.72945	0.0	10354.9	gratitude
10368.831	0.0	10354.9	gratitude
10368.83655	0.0	10354.9	gratitude
10368.93475	0.0	10354.9	gratitude
10368.94	0.0	10354.9	gratitude
10369.0344	0.0	10354.9	gratitude
10369.03985	0.0	10354.9	gratitude
10369.13935	0.0	10354.9	gratitude
10369.145	0.0	10354.9	gratitude
10369.25435	0.0	10354.9	gratitude
10369.2599	0.0	10354.9	gratitude
10369.35815	0.0	10354.9	gratitude
10369.36385	0.0	10354.9	gratitude
10369.4642	0.0	10354.9	gratitude
10369.46975	0.0	10354.9	gratitude
10369.59225	0.0	10354.9	gratitude
10369.59775	0.0	10354.9	gratitude
10369.70495	0.0	10354.9	gratitude
10369.7102	0.0	10354.9	gratitude
10369.8285	0.0	10354.9	gratitude
10369.83425	0.0	10354.9	gratitude
10369.9406	0.0	10354.9	gratitude
10369.9462	0.0	10354.9	gratitude
10391.5337	1.0	10390.3975	love
10391.5601	1.0	10390.3975	love
10391.7067	1.0	10390.3975	love
10391.86585	1.0	10390.3975	love
10391.9492	1.0	10390.3975	love
10392.36035	1.0	10390.3975	love
10393.0285	1.0	10390.3975	love
10393.09765	1.0	10390.3975	love
10393.1231	1.0	10390.3975	love
10393.2301	1.0	10390.3975	love
10393.5281	0.0	10390.3975	love
10393.5314	0.0	10390.3975	love
10393.53405	0.0	10390.3975	love
10393.6502	0.0	10390.3975	love
10393.65635	0.0	10390.3975	love
10393.7619	0.0	10390.3975	love
10393.768	0.0	10390.3975	love
10393.8686	0.0	10390.3975	love
10393.87425	0.0	10390.3975	love
10393.88725	1.0	10390.3975	love
10393.9563	0.0	10390.3975	love
10393.96235	0.0	10390.3975	love
10393.9748	1.0	10390.3975	love
10394.0027	1.0	10390.3975	love
10394.0787	0.0	10390.3975	love
10394.0846	0.0	10390.3975	love
10394.169	0.0	10390.3975	love
10394.1747	0.0	10390.3975	love
10394.2606	0.0	10390.3975	love
10394.26625	0.0	10390.3975	love
10394.3541	0.0	10390.3975	love
10394.3596	0.0	10390.3975	love
10394.4402	0.0	10390.3975	love
10394.44585	0.0	10390.3975	love
10394.5201	0.0	10390.3975	love
10394.5254	0.0	10390.3975	love
10394.59945	0.0	10390.3975	love
10394.6048	0.0	10390.3975	love
10394.67765	0.0	10390.3975	love
10394.6832	0.0	10390.3975	love
10394.75525	0.0	10390.3975	love
10394.7607	0.0	10390.3975	love
10394.845	0.0	10390.3975	love
10394.85035	0.0	10390.3975	love
10394.9508	0.0	10390.3975	love
10394.95635	0.0	10390.3975	love
10395.0535	0.0	10390.3975	love
10395.05895	0.0	10390.3975	love
10395.15095	0.0	10390.3975	love
10395.15655	0.0	10390.3975	love
10395.2474	1.0	10390.3975	love
10395.25515	0.0	10390.3975	love
10395.26065	0.0	10390.3975	love
10395.27405	1.0	10390.3975	love
10395.3434	0.0	10390.3975	love
10395.34905	0.0	10390.3975	love
10395.4432	0.0	10390.3975	love
10395.4487	0.0	10390.3975	love
10395.51875	1.0	10390.3975	love
10395.54195	0.0	10390.3975	love
10395.54745	0.0	10390.3975	love
10395.5642	1.0	10390.3975	love
10395.6064	1.0	10390.3975	love
10395.65085	0.0	10390.3975	love
10395.6564	0.0	10390.3975	love
10395.7502	0.0	10390.3975	love
10395.7557	0.0	10390.3975	love
10395.8463	0.0	10390.3975	love
10395.8518	0.0	10390.3975	love
10395.95115	0.0	10390.3975	love
10395.9566	0.0	10390.3975	love
10396.05905	0.0	10390.3975	love
10396.0647	0.0	10390.3975	love
10396.1549	0.0	10390.3975	love
10396.16035	0.0	10390.3975	love
10396.25525	0.0	10390.3975	love
10396.26075	0.0	10390.3975	love
10396.3536	0.0	10390.3975	love
10396.3561	0.0	10390.3975	love
10396.3592	0.0	10390.3975	love
10396.4499	0.0	10390.3975	love
10396.45555	0.0	10390.3975	love
10396.5282	0.0	10390.3975	love
10396.53365	0.0	10390.3975	love
10396.61465	0.0	10390.3975	love
10396.62015	0.0	10390.3975	love
10396.7069	0.0	10390.3975	love
10396.7124	0.0	10390.3975	love
10396.80575	0.0	10390.3975	love
10396.81135	0.0	10390.3975	love
10396.90055	0.0	10390.3975	love
10396.9061	0.0	10390.3975	love
10396.99715	0.0	10390.3975	love
10397.0027	0.0	10390.3975	love
10397.1028	0.0	10390.3975	love
10397.1083	0.0	10390.3975	love
10397.1948	0.0	10390.3975	love
10397.2004	0.0	10390.3975	love
10397.2885	0.0	10390.3975	love
10397.29415	0.0	10390.3975	love
10397.38605	0.0	10390.3975	love
10397.3916	0.0	10390.3975	love
10397.47635	0.0	10390.3975	love
10397.48185	0.0	10390.3975	love
10397.5584	0.0	10390.3975	love
10397.5641	0.0	10390.3975	love
10397.6434	0.0	10390.3975	love
10397.64905	0.0	10390.3975	love
10397.7468	0.0	10390.3975	love
10397.7524	0.0	10390.3975	love
10397.83415	0.0	10390.3975	love
10397.8397	0.0	10390.3975	love
10397.92745	0.0	10390.3975	love
10397.93315	0.0	10390.3975	love
10398.01495	0.0	10390.3975	love
10398.02065	0.0	10390.3975	love
10398.1069	0.0	10390.3975	love
10398.1123	0.0	10390.3975	love
10398.18325	0.0	10390.3975	love
10398.1888	0.0	10390.3975	love
10398.2672	0.0	10390.3975	love
10398.27265	0.0	10390.3975	love
10398.3636	0.0	10390.3975	love
10398.3692	0.0	10390.3975	love
10398.4602	0.0	10390.3975	love
10398.4657	0.0	10390.3975	love
10398.5489	0.0	10390.3975	love
10398.5543	0.0	10390.3975	love
10398.64755	0.0	10390.3975	love
10398.653	0.0	10390.3975	love
10398.72165	0.0	10390.3975	love
10398.72715	0.0	10390.3975	love
10398.82245	0.0	10390.3975	love
10398.82805	0.0	10390.3975	love
10398.91415	0.0	10390.3975	love
10398.91965	0.0	10390.3975	love
10399.00195	0.0	10390.3975	love
10399.0075	0.0	10390.3975	love
10399.0973	0.0	10390.3975	love
10399.10285	0.0	10390.3975	love
10399.19575	0.0	10390.3975	love
10399.20135	0.0	10390.3975	love
10399.28935	0.0	10390.3975	love
10399.295	0.0	10390.3975	love
10399.3795	0.0	10390.3975	love
10399.38505	0.0	10390.3975	love
10399.47975	0.0	10390.3975	love
10399.48545	0.0	10390.3975	love
10399.58545	0.0	10390.3975	love
10399.591	0.0	10390.3975	love
10399.69425	0.0	10390.3975	love
10399.69985	0.0	10390.3975	love
10399.79985	0.0	10390.3975	love
10399.8055	0.0	10390.3975	love
10399.90945	0.0	10390.3975	love
10399.91495	0.0	10390.3975	love
10400.00245	0.0	10390.3975	love
10400.00795	0.0	10390.3975	love
10400.102	0.0	10390.3975	love
10400.1074	0.0	10390.3975	love
10400.20165	0.0	10390.3975	love
10400.2073	0.0	10390.3975	love
10400.3061	0.0	10390.3975	love
10400.31165	0.0	10390.3975	love
10400.41395	0.0	10390.3975	love
10400.4194	0.0	10390.3975	love
10400.52415	0.0	10390.3975	love
10400.52975	0.0	10390.3975	love
10400.63045	0.0	10390.3975	love
10400.63595	0.0	10390.3975	love
10400.72915	0.0	10390.3975	love
10400.7348	0.0	10390.3975	love
10400.8378	0.0	10390.3975	love
10400.84345	0.0	10390.3975	love
10400.9363	0.0	10390.3975	love
10400.94195	0.0	10390.3975	love
10401.0315	0.0	10390.3975	love
10401.03715	0.0	10390.3975	love
10401.1268	0.0	10390.3975	love
10401.1325	0.0	10390.3975	love
10401.2349	0.0	10390.3975	love
10401.24075	0.0	10390.3975	love
10401.321	0.0	10390.3975	love
10401.32645	0.0	10390.3975	love
10401.41965	0.0	10390.3975	love
10401.4252	0.0	10390.3975	love
10401.5181	0.0	10390.3975	love
10401.52365	0.0	10390.3975	love
10401.6131	0.0	10390.3975	love
10401.6185	0.0	10390.3975	love
10401.71285	0.0	10390.3975	love
10401.71845	0.0	10390.3975	love
10401.81655	0.0	10390.3975	love
10401.82205	0.0	10390.3975	love
10401.93075	0.0	10390.3975	love
10401.93635	0.0	10390.3975	love
10402.0429	0.0	10390.3975	love
10402.04855	0.0	10390.3975	love
10402.18695	0.0	10390.3975	love
10402.1927	0.0	10390.3975	love
10402.3171	0.0	10390.3975	love
10402.3228	0.0	10390.3975	love
10402.45395	0.0	10390.3975	love
10402.45955	0.0	10390.3975	love
10402.58605	0.0	10390.3975	love
10402.5916	0.0	10390.3975	love
10402.7182	0.0	10390.3975	love
10402.7239	0.0	10390.3975	love
10402.83645	0.0	10390.3975	love
10402.84215	0.0	10390.3975	love
10402.9767	0.0	10390.3975	love
10402.98235	0.0	10390.3975	love
10403.1082	0.0	10390.3975	love
10403.11375	0.0	10390.3975	love
10403.2559	0.0	10390.3975	love
10403.26175	0.0	10390.3975	love
10403.4	0.0	10390.3975	love
10403.4058	0.0	10390.3975	love
10403.5302	0.0	10390.3975	love
10403.53585	0.0	10390.3975	love
10403.65925	0.0	10390.3975	love
10403.665	0.0	10390.3975	love
10403.79715	0.0	10390.3975	love
10403.8028	0.0	10390.3975	love
10403.93165	0.0	10390.3975	love
10403.93735	0.0	10390.3975	love
10404.07365	0.0	10390.3975	love
10404.07955	0.0	10390.3975	love
10404.2098	0.0	10390.3975	love
10404.2157	0.0	10390.3975	love
10404.3323	0.0	10390.3975	love
10404.3379	0.0	10390.3975	love
10404.4602	0.0	10390.3975	love
10404.46595	0.0	10390.3975	love
10404.5704	0.0	10390.3975	love
10404.576	0.0	10390.3975	love
10404.6791	0.0	10390.3975	love
10404.6847	0.0	10390.3975	love
10404.7784	0.0	10390.3975	love
10404.78405	0.0	10390.3975	love
10404.86155	0.0	10390.3975	love
10404.86705	0.0	10390.3975	love
10404.971	0.0	10390.3975	love
10404.97665	0.0	10390.3975	love
10445.7202	0.0	 	 
10446.27215	1.0	10445.8	love
10446.30715	1.0	10445.8	love
10446.3547	1.0	10445.8	love
10446.4222	1.0	10445.8	love
10446.72265	1.0	10445.8	love
10446.90905	0.0	10445.8	love
10446.9152	0.0	10445.8	love
10447.0695	0.0	10445.8	love
10447.0757	0.0	10445.8	love
10447.2075	0.0	10445.8	love
10447.2134	0.0	10445.8	love
10447.348	0.0	10445.8	love
10447.3542	0.0	10445.8	love
10447.51275	0.0	10445.8	love
10447.5186	0.0	10445.8	love
10447.55055	1.0	10445.8	love
10447.6276	0.0	10445.8	love
10447.63045	0.0	10445.8	love
10447.63335	0.0	10445.8	love
10447.6754	1.0	10445.8	love
10447.7443	0.0	10445.8	love
10447.75005	0.0	10445.8	love
10447.8674	0.0	10445.8	love
10447.87315	0.0	10445.8	love
10447.98145	0.0	10445.8	love
10447.98725	0.0	10445.8	love
10448.1035	0.0	10445.8	love
10448.10915	0.0	10445.8	love
10448.139	1.0	10445.8	love
10448.2285	0.0	10445.8	love
10448.2344	0.0	10445.8	love
10448.3403	0.0	10445.8	love
10448.34605	0.0	10445.8	love
10448.4624	0.0	10445.8	love
10448.4681	0.0	10445.8	love
10448.58585	0.0	10445.8	love
10448.5916	0.0	10445.8	love
10448.69665	0.0	10445.8	love
10448.7024	0.0	10445.8	love
10448.79495	1.0	10445.8	love
10448.82175	0.0	10445.8	love
10448.8277	0.0	10445.8	love
10448.93075	0.0	10445.8	love
10448.93655	0.0	10445.8	love
10449.049	0.0	10445.8	love
10449.16275	0.0	10445.8	love
10449.1685	0.0	10445.8	love
10449.2753	0.0	10445.8	love
10449.2812	0.0	10445.8	love
10449.3787	0.0	10445.8	love
10449.3841	0.0	10445.8	love
10449.48005	0.0	10445.8	love
10449.4855	0.0	10445.8	love
10449.57025	0.0	10445.8	love
10449.5757	0.0	10445.8	love
10449.6767	0.0	10445.8	love
10449.68245	0.0	10445.8	love
10449.77135	0.0	10445.8	love
10449.777	0.0	10445.8	love
10449.8714	0.0	10445.8	love
10449.87695	0.0	10445.8	love
10449.9493	1.0	10445.8	love
10449.97905	0.0	10445.8	love
10449.98525	0.0	10445.8	love
10450.0028	1.0	10445.8	love
10450.041	1.0	10445.8	love
10450.08675	0.0	10445.8	love
10450.0924	0.0	10445.8	love
10450.16515	1.0	10445.8	love
10450.18815	0.0	10445.8	love
10450.19375	0.0	10445.8	love
10450.1975	1.0	10445.8	love
10450.29345	0.0	10445.8	love
10450.2993	0.0	10445.8	love
10450.40355	0.0	10445.8	love
10450.40925	0.0	10445.8	love
10450.52345	0.0	10445.8	love
10450.52915	0.0	10445.8	love
10450.63525	0.0	10445.8	love
10450.64095	0.0	10445.8	love
10450.73975	0.0	10445.8	love
10450.7454	0.0	10445.8	love
10450.7665	0.0	10445.8	love
10450.8455	0.0	10445.8	love
10450.8513	0.0	10445.8	love
10450.9238	1.0	10445.8	love
10450.9512	0.0	10445.8	love
10450.9568	0.0	10445.8	love
10451.05285	0.0	10445.8	love
10451.0587	0.0	10445.8	love
10451.09585	0.0	10445.8	love
10451.15915	0.0	10445.8	love
10451.16485	0.0	10445.8	love
10451.2467	0.0	10445.8	love
10451.25235	0.0	10445.8	love
10451.3473	0.0	10445.8	love
10451.35305	0.0	10445.8	love
10451.44735	0.0	10445.8	love
10451.453	0.0	10445.8	love
10451.5436	0.0	10445.8	love
10451.54935	0.0	10445.8	love
10451.6406	0.0	10445.8	love
10451.64635	0.0	10445.8	love
10451.739	0.0	10445.8	love
10451.74455	0.0	10445.8	love
10451.8348	0.0	10445.8	love
10451.84045	0.0	10445.8	love
10451.9358	0.0	10445.8	love
10451.9415	0.0	10445.8	love
10452.0278	0.0	10445.8	love
10452.0334	0.0	10445.8	love
10452.1225	0.0	10445.8	love
10452.1279	0.0	10445.8	love
10452.21265	0.0	10445.8	love
10452.2183	0.0	10445.8	love
10452.30805	0.0	10445.8	love
10452.31385	0.0	10445.8	love
10452.3947	0.0	10445.8	love
10452.4002	0.0	10445.8	love
10452.4814	0.0	10445.8	love
10452.4869	0.0	10445.8	love
10452.56135	0.0	10445.8	love
10452.56695	0.0	10445.8	love
10452.5771	1.0	10445.8	love
10452.64565	0.0	10445.8	love
10452.65135	0.0	10445.8	love
10452.7288	0.0	10445.8	love
10452.73435	0.0	10445.8	love
10452.8222	0.0	10445.8	love
10452.82785	0.0	10445.8	love
10452.91235	0.0	10445.8	love
10452.91815	0.0	10445.8	love
10452.99775	0.0	10445.8	love
10453.0033	0.0	10445.8	love
10453.08245	0.0	10445.8	love
10453.08795	0.0	10445.8	love
10453.17545	0.0	10445.8	love
10453.18085	0.0	10445.8	love
10453.2391	1.0	10445.8	love
10453.2642	0.0	10445.8	love
10453.26975	0.0	10445.8	love
10453.28825	1.0	10445.8	love
10453.3609	0.0	10445.8	love
10453.3666	0.0	10445.8	love
10453.44835	0.0	10445.8	love
10453.4538	0.0	10445.8	love
10453.53775	0.0	10445.8	love
10453.54325	0.0	10445.8	love
10453.6193	0.0	10445.8	love
10453.6247	0.0	10445.8	love
10453.7061	0.0	10445.8	love
10453.7117	0.0	10445.8	love
10453.7945	0.0	10445.8	love
10453.8002	0.0	10445.8	love
10453.8829	0.0	10445.8	love
10453.88855	0.0	10445.8	love
10453.9819	0.0	10445.8	love
10453.98765	0.0	10445.8	love
10454.07745	0.0	10445.8	love
10454.08305	0.0	10445.8	love
10454.1602	0.0	10445.8	love
10454.16565	0.0	10445.8	love
10454.2517	0.0	10445.8	love
10454.2575	0.0	10445.8	love
10454.34275	0.0	10445.8	love
10454.3482	0.0	10445.8	love
10454.43905	0.0	10445.8	love
10454.44465	0.0	10445.8	love
10454.52425	0.0	10445.8	love
10454.52995	0.0	10445.8	love
10454.6226	0.0	10445.8	love
10454.6283	0.0	10445.8	love
10454.7126	0.0	10445.8	love
10454.71825	0.0	10445.8	love
10454.80325	0.0	10445.8	love
10454.8061	0.0	10445.8	love
10454.80895	0.0	10445.8	love
10454.885	1.0	10445.8	love
10454.9053	0.0	10445.8	love
10454.91085	0.0	10445.8	love
10454.9974	0.0	10445.8	love
10455.00315	0.0	10445.8	love
10455.01345	1.0	10445.8	love
10455.0437	1.0	10445.8	love
10455.0882	0.0	10445.8	love
10455.09365	0.0	10445.8	love
10455.18405	0.0	10445.8	love
10455.18965	0.0	10445.8	love
10455.2682	0.0	10445.8	love
10455.27375	0.0	10445.8	love
10455.3698	0.0	10445.8	love
10455.3754	0.0	10445.8	love
10455.45415	0.0	10445.8	love
10455.4598	0.0	10445.8	love
10455.5465	0.0	10445.8	love
10455.5521	0.0	10445.8	love
10455.6275	0.0	10445.8	love
10455.6331	0.0	10445.8	love
10455.6372	0.0	10445.8	love
10455.72685	0.0	10445.8	love
10455.7325	0.0	10445.8	love
10455.78475	1.0	10445.8	love
10455.8203	0.0	10445.8	love
10455.82275	0.0	10445.8	love
10455.8257	0.0	10445.8	love
10455.86645	1.0	10445.8	love
10455.91285	1.0	10445.8	love
10455.9168	0.0	10445.8	love
10455.9225	0.0	10445.8	love
10455.9506	1.0	10445.8	love
10455.9774	1.0	10445.8	love
10455.9997	0.0	10445.8	love
10456.0055	0.0	10445.8	love
10456.0096	1.0	10445.8	love
10456.0366	1.0	10445.8	love
10456.09205	0.0	10445.8	love
10456.0978	0.0	10445.8	love
10456.1243	1.0	10445.8	love
10456.1797	0.0	10445.8	love
10456.1853	0.0	10445.8	love
10456.2729	0.0	10445.8	love
10456.27855	0.0	10445.8	love
10456.3565	0.0	10445.8	love
10456.36215	0.0	10445.8	love
10456.45775	0.0	10445.8	love
10456.4633	0.0	10445.8	love
10456.5523	0.0	10445.8	love
10456.5581	0.0	10445.8	love
10456.6514	0.0	10445.8	love
10456.65685	0.0	10445.8	love
10456.73885	0.0	10445.8	love
10456.74445	0.0	10445.8	love
10456.83615	0.0	10445.8	love
10456.8418	0.0	10445.8	love
10456.9218	0.0	10445.8	love
10456.9274	0.0	10445.8	love
10457.01085	0.0	10445.8	love
10457.0162	0.0	10445.8	love
10457.0368	1.0	10445.8	love
10457.08025	1.0	10445.8	love
10457.1063	0.0	10445.8	love
10457.1118	0.0	10445.8	love
10457.19565	0.0	10445.8	love
10457.2013	0.0	10445.8	love
10457.28215	0.0	10445.8	love
10457.28775	0.0	10445.8	love
10457.36435	0.0	10445.8	love
10457.3699	0.0	10445.8	love
10457.43705	0.0	10445.8	love
10457.44245	0.0	10445.8	love
10457.52085	0.0	10445.8	love
10457.52645	0.0	10445.8	love
10457.5941	0.0	10445.8	love
10457.59685	0.0	10445.8	love
10457.6021	0.0	10445.8	love
10457.618	0.0	10445.8	love
10457.6418	0.0	10445.8	love
10457.64565	0.0	10445.8	love
10457.6576	0.0	10445.8	love
10457.66355	0.0	10445.8	love
10457.67145	0.0	10445.8	love
10457.6771	0.0	10445.8	love
10457.6907	0.0	10445.8	love
10457.6928	0.0	10445.8	love
10457.7033	0.0	10445.8	love
10457.7284	0.0	10445.8	love
10457.74005	0.0	10445.8	love
10457.7436	0.0	10445.8	love
10457.7468	0.0	10445.8	love
10457.7543	0.0	10445.8	love
10457.7592	0.0	10445.8	love
10457.7656	0.0	10445.8	love
10457.77105	0.0	10445.8	love
10457.7788	0.0	10445.8	love
10457.78145	0.0	10445.8	love
10457.78425	0.0	10445.8	love
10457.8002	0.0	10445.8	love
10457.8114	0.0	10445.8	love
10457.8145	0.0	10445.8	love
10457.8176	0.0	10445.8	love
10457.8333	0.0	10445.8	love
10457.85635	0.0	10445.8	love
10457.9171	0.0	10445.8	love
10457.9623	0.0	10445.8	love
10457.97795	0.0	10445.8	love
10458.0404	0.0	10445.8	love
10458.0428	0.0	10445.8	love
10458.0686	0.0	10445.8	love
10458.1168	0.0	10445.8	love
10458.13455	0.0	10445.8	love
10458.15575	0.0	10445.8	love
10458.16105	0.0	10445.8	love
10458.1819	0.0	10445.8	love
10458.1887	0.0	10445.8	love
10458.2436	0.0	10445.8	love
10458.24865	0.0	10445.8	love
10458.2618	0.0	10445.8	love
10458.26565	0.0	10445.8	love
10458.26835	0.0	10445.8	love
10458.27165	0.0	10445.8	love
10458.27905	0.0	10445.8	love
10458.2876	0.0	10445.8	love
10458.3019	0.0	10445.8	love
10458.3141	0.0	10445.8	love
10458.3198	0.0	10445.8	love
10458.3261	0.0	10445.8	love
10458.3282	0.0	10445.8	love
10458.33105	0.0	10445.8	love
10458.33355	0.0	10445.8	love
10458.33645	0.0	10445.8	love
10458.35285	0.0	10445.8	love
10458.35845	0.0	10445.8	love
10458.37415	0.0	10445.8	love
10458.37745	0.0	10445.8	love
10458.3977	0.0	10445.8	love
10458.43725	0.0	10445.8	love
10458.44235	0.0	10445.8	love
10458.4517	0.0	10445.8	love
10458.47215	0.0	10445.8	love
10458.53125	0.0	10445.8	love
10458.53565	0.0	10445.8	love
10458.53825	0.0	10445.8	love
10458.57095	0.0	10445.8	love
10458.636	0.0	10445.8	love
10458.6392	0.0	10445.8	love
10458.64395	0.0	10445.8	love
10458.72995	0.0	10445.8	love
10458.74505	0.0	10445.8	love
10458.75	0.0	10445.8	love
10458.805	0.0	10445.8	love
10458.80715	0.0	10445.8	love
10458.8548	0.0	10445.8	love
10458.87015	0.0	10445.8	love
10458.91545	0.0	10445.8	love
10458.9301	0.0	10445.8	love
10458.93505	0.0	10445.8	love
10458.96525	0.0	10445.8	love
10458.9997	0.0	10445.8	love
10459.0167	0.0	10445.8	love
10459.02265	0.0	10445.8	love
10459.063	0.0	10445.8	love
10459.08685	0.0	10445.8	love
10459.1162	0.0	10445.8	love
10459.12035	0.0	10445.8	love
10459.16145	0.0	10445.8	love
10459.2051	0.0	10445.8	love
10459.2138	0.0	10445.8	love
10459.2459	0.0	10445.8	love
10459.25965	0.0	10445.8	love
10459.29955	0.0	10445.8	love
10459.30185	0.0	10445.8	love
10459.32595	0.0	10445.8	love
10459.38545	0.0	10445.8	love
10459.4144	0.0	10445.8	love
10459.4596	0.0	10445.8	love
10459.49155	0.0	10445.8	love
10459.49985	0.0	10445.8	love
10459.5061	0.0	10445.8	love
10459.5341	0.0	10445.8	love
10459.54115	0.0	10445.8	love
10459.57145	0.0	10445.8	love
10459.57475	0.0	10445.8	love
10459.6173	0.0	10445.8	love
10459.6385	0.0	10445.8	love
10459.6584	0.0	10445.8	love
10459.70105	0.0	10445.8	love
10459.71055	0.0	10445.8	love
10459.74335	0.0	10445.8	love
10459.7757	0.0	10445.8	love
10459.8027	0.0	10445.8	love
10459.8333	0.0	10445.8	love
10459.8379	0.0	10445.8	love
10459.8664	0.0	10445.8	love
10459.8714	0.0	10445.8	love
10459.89435	0.0	10445.8	love
10459.9072	0.0	10445.8	love
10459.91825	0.0	10445.8	love
10459.93605	0.0	10445.8	love
10459.9617	0.0	10445.8	love
10459.99105	0.0	10445.8	love
10459.99605	0.0	10445.8	love
10460.0117	0.0	10445.8	love
