 	Channel 4	 	 
Time	Value	Cmt Time	Cmt Text
s	V	s	 
736.4229	0.0	 	 
736.42545	0.0	 	 
737.8317	1.0	 	 
739.37255	1.0	739.005	love
739.414	1.0	739.005	love
739.457	1.0	739.005	love
739.50145	1.0	739.005	love
739.58665	1.0	739.005	love
739.776	1.0	739.005	love
740.26275	1.0	739.005	love
740.30385	1.0	739.005	love
740.32465	1.0	739.005	love
740.34745	1.0	739.005	love
740.38205	1.0	739.005	love
740.40675	1.0	739.005	love
741.1277	1.0	739.005	love
741.2457	1.0	739.005	love
741.4459	1.0	739.005	love
741.90925	1.0	739.005	love
742.04615	1.0	739.005	love
742.17305	1.0	739.005	love
742.2033	1.0	739.005	love
742.24395	1.0	739.005	love
743.48185	1.0	739.005	love
743.51875	1.0	739.005	love
744.30315	1.0	739.005	love
744.3721	1.0	739.005	love
744.3995	1.0	739.005	love
744.42645	1.0	739.005	love
744.46925	1.0	739.005	love
745.26825	1.0	739.005	love
745.30355	1.0	739.005	love
745.32855	1.0	739.005	love
745.5751	1.0	739.005	love
745.61115	1.0	739.005	love
746.10765	1.0	739.005	love
746.6919	1.0	739.005	love
746.73065	1.0	739.005	love
746.7697	1.0	739.005	love
746.7974	1.0	739.005	love
746.8687	1.0	739.005	love
747.30635	1.0	739.005	love
747.4331	1.0	739.005	love
747.5014	1.0	739.005	love
747.53725	1.0	739.005	love
747.5721	1.0	739.005	love
748.71715	1.0	739.005	love
748.94045	1.0	739.005	love
749.2953	1.0	739.005	love
755.85355	1.0	755.005	calm
756.08635	1.0	755.005	calm
756.1398	1.0	755.005	calm
756.2016	1.0	755.005	calm
758.17145	1.0	755.005	calm
758.4522	1.0	755.005	calm
758.5196	1.0	755.005	calm
759.03265	1.0	755.005	calm
760.3885	1.0	755.005	calm
760.45535	1.0	755.005	calm
760.614	1.0	755.005	calm
760.71545	1.0	755.005	calm
760.7396	1.0	755.005	calm
762.9763	1.0	755.005	calm
763.0392	1.0	755.005	calm
763.102	1.0	755.005	calm
763.1203	1.0	755.005	calm
763.13055	1.0	755.005	calm
763.19475	1.0	755.005	calm
763.22175	1.0	755.005	calm
763.24435	1.0	755.005	calm
765.4777	1.0	755.005	calm
772.7098	1.0	770.985	grat
773.0046	1.0	770.985	grat
773.24395	1.0	770.985	grat
773.3221	1.0	770.985	grat
773.74555	1.0	770.985	grat
773.8054	1.0	770.985	grat
774.10605	1.0	770.985	grat
774.29135	1.0	770.985	grat
774.47945	1.0	770.985	grat
774.5103	1.0	770.985	grat
774.54225	1.0	770.985	grat
774.57385	1.0	770.985	grat
774.60595	1.0	770.985	grat
774.64525	1.0	770.985	grat
774.72235	1.0	770.985	grat
774.7619	1.0	770.985	grat
774.79705	1.0	770.985	grat
774.8742	1.0	770.985	grat
774.9068	1.0	770.985	grat
774.97705	1.0	770.985	grat
775.02325	1.0	770.985	grat
775.12135	1.0	770.985	grat
775.3062	1.0	770.985	grat
775.3652	1.0	770.985	grat
775.44495	1.0	770.985	grat
775.97215	1.0	770.985	grat
776.3604	1.0	770.985	grat
776.66925	1.0	770.985	grat
777.27295	1.0	770.985	grat
777.8562	1.0	770.985	grat
777.92795	1.0	770.985	grat
777.96515	1.0	770.985	grat
778.05775	1.0	770.985	grat
778.3954	1.0	770.985	grat
778.4412	1.0	770.985	grat
778.4765	1.0	770.985	grat
779.36905	1.0	770.985	grat
779.4792	1.0	770.985	grat
779.9301	1.0	770.985	grat
780.19005	1.0	770.985	grat
780.3335	1.0	770.985	grat
780.4343	1.0	770.985	grat
780.49535	1.0	770.985	grat
780.914	1.0	770.985	grat
780.95015	1.0	770.985	grat
781.1109	1.0	770.985	grat
781.1584	1.0	770.985	grat
781.189	1.0	770.985	grat
781.27155	1.0	770.985	grat
781.3253	1.0	770.985	grat
781.3931	1.0	770.985	grat
781.4434	1.0	770.985	grat
781.50025	1.0	770.985	grat
781.61345	1.0	770.985	grat
782.025	1.0	770.985	grat
787.8627	0.0	770.985	grat
789.54145	1.0	788.005	sad
789.62115	1.0	788.005	sad
789.8625	1.0	788.005	sad
789.88905	1.0	788.005	sad
789.9178	1.0	788.005	sad
789.94375	1.0	788.005	sad
790.0784	1.0	788.005	sad
790.7721	1.0	788.005	sad
790.80665	1.0	788.005	sad
790.8394	1.0	788.005	sad
790.8671	1.0	788.005	sad
790.91425	1.0	788.005	sad
790.9362	1.0	788.005	sad
790.9575	1.0	788.005	sad
790.9777	1.0	788.005	sad
791.0631	1.0	788.005	sad
791.0846	1.0	788.005	sad
791.12315	1.0	788.005	sad
791.14325	1.0	788.005	sad
791.16575	1.0	788.005	sad
791.1897	1.0	788.005	sad
791.305	1.0	788.005	sad
791.33585	1.0	788.005	sad
791.37805	1.0	788.005	sad
791.4449	1.0	788.005	sad
791.47485	1.0	788.005	sad
791.70905	1.0	788.005	sad
791.7746	1.0	788.005	sad
791.9689	1.0	788.005	sad
792.038	1.0	788.005	sad
792.15515	1.0	788.005	sad
792.19435	1.0	788.005	sad
792.26675	1.0	788.005	sad
792.5101	1.0	788.005	sad
792.82525	1.0	788.005	sad
793.0894	1.0	788.005	sad
793.56375	1.0	788.005	sad
794.82865	1.0	788.005	sad
794.92945	1.0	788.005	sad
794.97525	1.0	788.005	sad
795.0678	1.0	788.005	sad
795.0939	1.0	788.005	sad
795.1774	1.0	788.005	sad
795.24045	1.0	788.005	sad
795.3006	1.0	788.005	sad
795.33705	1.0	788.005	sad
795.3743	1.0	788.005	sad
795.41465	1.0	788.005	sad
795.44855	1.0	788.005	sad
795.5694	1.0	788.005	sad
795.68525	1.0	788.005	sad
795.85685	1.0	788.005	sad
795.95275	1.0	788.005	sad
796.0625	1.0	788.005	sad
797.3831	1.0	788.005	sad
797.51995	1.0	788.005	sad
797.5724	1.0	788.005	sad
797.5968	1.0	788.005	sad
797.64215	1.0	788.005	sad
797.6665	1.0	788.005	sad
797.69075	1.0	788.005	sad
797.7255	1.0	788.005	sad
797.81975	1.0	788.005	sad
797.84785	1.0	788.005	sad
798.0505	1.0	788.005	sad
798.09325	1.0	788.005	sad
798.1743	1.0	788.005	sad
798.21845	1.0	788.005	sad
798.25745	1.0	788.005	sad
798.3593	1.0	788.005	sad
798.4471	1.0	788.005	sad
798.55615	1.0	788.005	sad
798.6549	1.0	788.005	sad
799.04485	1.0	788.005	sad
799.0743	1.0	788.005	sad
799.1315	1.0	788.005	sad
799.2687	1.0	788.005	sad
799.29585	1.0	788.005	sad
805.90405	1.0	804.985	att
805.9515	1.0	804.985	att
806.051	1.0	804.985	att
806.12195	1.0	804.985	att
806.268	1.0	804.985	att
806.54605	1.0	804.985	att
806.6271	1.0	804.985	att
808.1177	1.0	804.985	att
808.18415	1.0	804.985	att
808.3524	1.0	804.985	att
808.4631	1.0	804.985	att
808.6289	1.0	804.985	att
808.69705	1.0	804.985	att
810.3508	1.0	804.985	att
810.4164	1.0	804.985	att
810.5552	1.0	804.985	att
810.76495	1.0	804.985	att
811.03825	1.0	804.985	att
811.09195	1.0	804.985	att
811.6991	1.0	804.985	att
812.96925	1.0	804.985	att
813.0105	1.0	804.985	att
813.14815	1.0	804.985	att
813.33125	1.0	804.985	att
813.5913	0.0	804.985	att
821.5811	1.0	820.985	happy
822.15805	1.0	820.985	happy
822.3738	1.0	820.985	happy
822.6704	1.0	820.985	happy
822.938	1.0	820.985	happy
823.7722	1.0	820.985	happy
824.88785	1.0	820.985	happy
825.0369	1.0	820.985	happy
825.195	1.0	820.985	happy
825.4082	1.0	820.985	happy
826.11955	1.0	820.985	happy
826.30765	1.0	820.985	happy
826.505	1.0	820.985	happy
826.679	1.0	820.985	happy
827.5909	1.0	820.985	happy
827.8422	1.0	820.985	happy
828.0407	1.0	820.985	happy
828.08755	1.0	820.985	happy
828.22965	1.0	820.985	happy
828.3005	1.0	820.985	happy
828.40645	1.0	820.985	happy
829.11645	1.0	820.985	happy
829.18605	1.0	820.985	happy
829.3346	1.0	820.985	happy
829.7202	1.0	820.985	happy
831.24985	1.0	820.985	happy
831.3015	1.0	820.985	happy
831.4363	1.0	820.985	happy
831.5564	1.0	820.985	happy
831.61145	1.0	820.985	happy
832.1326	1.0	820.985	happy
832.3351	1.0	820.985	happy
832.479	1.0	820.985	happy
832.5451	1.0	820.985	happy
839.03695	1.0	838.005	sad
839.0637	1.0	838.005	sad
839.2092	1.0	838.005	sad
839.23945	1.0	838.005	sad
839.26895	1.0	838.005	sad
839.30575	1.0	838.005	sad
839.41855	1.0	838.005	sad
839.4736	1.0	838.005	sad
841.01215	1.0	838.005	sad
841.04245	1.0	838.005	sad
841.07485	1.0	838.005	sad
841.09005	1.0	838.005	sad
841.1365	1.0	838.005	sad
841.18865	1.0	838.005	sad
841.21645	1.0	838.005	sad
841.32	1.0	838.005	sad
841.4048	1.0	838.005	sad
841.4369	1.0	838.005	sad
841.46625	1.0	838.005	sad
841.51445	1.0	838.005	sad
841.56705	1.0	838.005	sad
841.60165	1.0	838.005	sad
841.63625	1.0	838.005	sad
841.70975	1.0	838.005	sad
841.7497	1.0	838.005	sad
841.79125	1.0	838.005	sad
841.83115	1.0	838.005	sad
841.8811	1.0	838.005	sad
841.9163	1.0	838.005	sad
841.9673	1.0	838.005	sad
842.056	1.0	838.005	sad
842.43625	1.0	838.005	sad
842.5292	1.0	838.005	sad
843.5087	1.0	838.005	sad
844.43095	1.0	838.005	sad
848.91785	1.0	838.005	sad
855.51105	1.0	855.005	att
855.7642	1.0	855.005	att
856.038	1.0	855.005	att
856.10315	1.0	855.005	att
856.265	1.0	855.005	att
857.48335	1.0	855.005	att
857.5494	1.0	855.005	att
857.8314	1.0	855.005	att
857.8835	1.0	855.005	att
857.99725	1.0	855.005	att
858.054	1.0	855.005	att
858.1612	1.0	855.005	att
858.2262	1.0	855.005	att
860.10275	1.0	855.005	att
860.1479	1.0	855.005	att
862.3274	1.0	855.005	att
862.55765	1.0	855.005	att
862.6665	1.0	855.005	att
862.7281	1.0	855.005	att
862.8755	1.0	855.005	att
869.52515	1.0	855.005	att
871.731	1.0	871.005	love
871.81995	1.0	871.005	love
872.0402	1.0	871.005	love
872.24095	1.0	871.005	love
872.31595	1.0	871.005	love
872.48305	1.0	871.005	love
872.52235	1.0	871.005	love
872.59145	1.0	871.005	love
872.6569	1.0	871.005	love
873.5025	1.0	871.005	love
874.31925	1.0	871.005	love
874.37415	1.0	871.005	love
874.8627	1.0	871.005	love
874.94295	1.0	871.005	love
874.97635	1.0	871.005	love
875.03465	1.0	871.005	love
875.0611	1.0	871.005	love
875.1137	1.0	871.005	love
875.19035	1.0	871.005	love
876.49445	1.0	871.005	love
876.5784	1.0	871.005	love
876.661	1.0	871.005	love
876.7615	1.0	871.005	love
876.86145	1.0	871.005	love
876.8987	1.0	871.005	love
876.929	1.0	871.005	love
877.64945	1.0	871.005	love
878.52995	1.0	871.005	love
879.13055	1.0	871.005	love
879.3386	1.0	871.005	love
879.37235	1.0	871.005	love
880.4679	1.0	871.005	love
880.6597	1.0	871.005	love
880.7009	1.0	871.005	love
880.7607	1.0	871.005	love
880.79635	1.0	871.005	love
880.95645	1.0	871.005	love
880.99	1.0	871.005	love
881.01955	1.0	871.005	love
881.08755	1.0	871.005	love
881.1107	1.0	871.005	love
881.1312	1.0	871.005	love
888.5523	1.0	887.015	calm
888.6386	1.0	887.015	calm
888.66955	1.0	887.015	calm
888.9813	1.0	887.015	calm
891.32915	1.0	887.015	calm
891.4219	1.0	887.015	calm
893.31955	1.0	887.015	calm
893.98985	1.0	887.015	calm
895.78165	1.0	887.015	calm
896.08885	1.0	887.015	calm
898.22845	1.0	887.015	calm
898.29805	1.0	887.015	calm
898.4645	1.0	887.015	calm
905.0161	1.0	903.995	happy
905.16735	1.0	903.995	happy
905.3414	1.0	903.995	happy
905.4965	1.0	903.995	happy
905.5367	1.0	903.995	happy
905.7575	1.0	903.995	happy
905.9568	1.0	903.995	happy
906.20795	1.0	903.995	happy
906.63605	1.0	903.995	happy
906.67825	1.0	903.995	happy
907.44715	1.0	903.995	happy
907.5788	1.0	903.995	happy
908.0327	1.0	903.995	happy
908.72205	1.0	903.995	happy
910.29615	1.0	903.995	happy
912.26355	1.0	903.995	happy
912.4433	1.0	903.995	happy
912.4736	1.0	903.995	happy
912.7794	1.0	903.995	happy
913.02215	1.0	903.995	happy
921.687	1.0	920.005	grat
923.36535	1.0	920.005	grat
923.52435	1.0	920.005	grat
923.90885	1.0	920.005	grat
924.01315	1.0	920.005	grat
924.06925	1.0	920.005	grat
924.12625	1.0	920.005	grat
924.1805	1.0	920.005	grat
924.80075	1.0	920.005	grat
924.8645	1.0	920.005	grat
925.3451	1.0	920.005	grat
925.6648	1.0	920.005	grat
926.4578	1.0	920.005	grat
926.491	1.0	920.005	grat
926.91915	1.0	920.005	grat
926.9642	1.0	920.005	grat
927.034	1.0	920.005	grat
927.10725	1.0	920.005	grat
927.19635	1.0	920.005	grat
927.22905	1.0	920.005	grat
927.2552	1.0	920.005	grat
927.3053	1.0	920.005	grat
927.32965	1.0	920.005	grat
927.4	1.0	920.005	grat
927.42755	1.0	920.005	grat
927.45945	1.0	920.005	grat
927.4931	1.0	920.005	grat
927.5323	1.0	920.005	grat
927.56795	1.0	920.005	grat
927.6325	1.0	920.005	grat
927.6729	1.0	920.005	grat
927.7168	1.0	920.005	grat
927.7476	1.0	920.005	grat
927.83195	1.0	920.005	grat
927.9074	1.0	920.005	grat
928.0903	1.0	920.005	grat
928.41665	1.0	920.005	grat
928.4568	1.0	920.005	grat
930.44995	1.0	920.005	grat
930.75595	1.0	920.005	grat
931.06515	1.0	920.005	grat
931.1271	1.0	920.005	grat
931.16765	1.0	920.005	grat
931.24175	1.0	920.005	grat
937.79555	1.0	937.005	love
937.8717	1.0	937.005	love
937.9522	1.0	937.005	love
937.97845	1.0	937.005	love
938.0564	1.0	937.005	love
938.16675	1.0	937.005	love
939.16365	1.0	937.005	love
939.6061	1.0	937.005	love
939.70895	1.0	937.005	love
939.9356	1.0	937.005	love
940.9243	1.0	937.005	love
940.96235	1.0	937.005	love
940.986	1.0	937.005	love
941.7326	1.0	937.005	love
941.84315	1.0	937.005	love
942.79305	1.0	937.005	love
943.3771	1.0	937.005	love
943.40325	1.0	937.005	love
943.4251	1.0	937.005	love
943.4737	1.0	937.005	love
944.8072	1.0	937.005	love
944.9656	1.0	937.005	love
945.26	1.0	937.005	love
945.37925	1.0	937.005	love
946.2649	1.0	937.005	love
946.48155	1.0	937.005	love
954.03385	1.0	953.005	happy
954.2632	1.0	953.005	happy
954.3255	1.0	953.005	happy
954.6066	1.0	953.005	happy
955.9429	1.0	953.005	happy
955.97525	1.0	953.005	happy
956.3223	1.0	953.005	happy
956.35085	1.0	953.005	happy
958.2689	1.0	953.005	happy
958.4982	1.0	953.005	happy
958.95045	1.0	953.005	happy
959.00445	1.0	953.005	happy
959.15255	1.0	953.005	happy
959.34585	1.0	953.005	happy
960.44315	1.0	953.005	happy
960.77625	1.0	953.005	happy
960.95025	1.0	953.005	happy
961.2623	0.0	953.005	happy
963.08175	1.0	953.005	happy
970.44835	1.0	969.985	sad
971.28595	1.0	969.985	sad
971.6735	1.0	969.985	sad
971.718	1.0	969.985	sad
971.74425	1.0	969.985	sad
971.7668	1.0	969.985	sad
971.7884	1.0	969.985	sad
971.8095	1.0	969.985	sad
971.8504	0.0	969.985	sad
971.87125	1.0	969.985	sad
971.8944	1.0	969.985	sad
972.1572	1.0	969.985	sad
972.1898	1.0	969.985	sad
972.2328	1.0	969.985	sad
972.66115	1.0	969.985	sad
972.70955	1.0	969.985	sad
972.84105	1.0	969.985	sad
972.99745	1.0	969.985	sad
975.31205	1.0	969.985	sad
976.164	1.0	969.985	sad
976.29265	1.0	969.985	sad
976.3453	1.0	969.985	sad
976.404	1.0	969.985	sad
977.5069	1.0	969.985	sad
981.01585	1.0	969.985	sad
981.1241	1.0	969.985	sad
981.16075	1.0	969.985	sad
981.1858	1.0	969.985	sad
981.2545	1.0	969.985	sad
981.2798	1.0	969.985	sad
987.764	1.0	985.995	grat
988.06635	1.0	985.995	grat
988.4876	1.0	985.995	grat
989.24365	1.0	985.995	grat
989.32095	1.0	985.995	grat
989.4183	1.0	985.995	grat
994.5193	1.0	985.995	grat
994.5976	1.0	985.995	grat
994.64545	1.0	985.995	grat
994.6919	1.0	985.995	grat
994.73905	1.0	985.995	grat
994.82195	1.0	985.995	grat
994.9202	1.0	985.995	grat
994.95465	1.0	985.995	grat
995.2847	1.0	985.995	grat
995.31995	1.0	985.995	grat
995.37	1.0	985.995	grat
995.45955	1.0	985.995	grat
995.50715	1.0	985.995	grat
995.53865	1.0	985.995	grat
995.58095	1.0	985.995	grat
995.68565	1.0	985.995	grat
995.7408	1.0	985.995	grat
995.8046	1.0	985.995	grat
995.85115	1.0	985.995	grat
995.89145	1.0	985.995	grat
995.9358	1.0	985.995	grat
996.00505	1.0	985.995	grat
996.1251	1.0	985.995	grat
996.19685	1.0	985.995	grat
996.2272	1.0	985.995	grat
996.27845	1.0	985.995	grat
996.30655	1.0	985.995	grat
996.34055	1.0	985.995	grat
996.3876	1.0	985.995	grat
996.44845	1.0	985.995	grat
996.60815	1.0	985.995	grat
997.3526	1.0	985.995	grat
997.45185	1.0	985.995	grat
997.48085	1.0	985.995	grat
1003.98225	1.0	1003.605	att
1004.1553	1.0	1003.605	att
1004.30305	1.0	1003.605	att
1004.62245	1.0	1003.605	att
1005.66635	1.0	1003.605	att
1005.7338	1.0	1003.605	att
1005.85665	1.0	1003.605	att
1005.89485	1.0	1003.605	att
1006.014	1.0	1003.605	att
1006.18495	1.0	1003.605	att
1006.22565	1.0	1003.605	att
1006.3401	1.0	1003.605	att
1006.4919	1.0	1003.605	att
1006.5494	1.0	1003.605	att
1007.93495	1.0	1003.605	att
1008.3153	1.0	1003.605	att
1008.46615	1.0	1003.605	att
1008.6301	1.0	1003.605	att
1008.791	1.0	1003.605	att
1010.3104	1.0	1003.605	att
1010.5012	1.0	1003.605	att
1010.5355	1.0	1003.605	att
1010.64715	1.0	1003.605	att
1013.32515	1.0	1003.605	att
1013.44155	1.0	1003.605	att
1013.6604	1.0	1003.605	att
1013.76705	1.0	1003.605	att
1013.83195	1.0	1003.605	att
1013.93045	1.0	1003.605	att
1014.2023	0.0	1003.605	att
1021.03705	1.0	1018.985	calm
1021.3428	1.0	1018.985	calm
1021.4215	1.0	1018.985	calm
1022.71215	1.0	1018.985	calm
1022.74485	1.0	1018.985	calm
1022.77925	1.0	1018.985	calm
1022.8738	1.0	1018.985	calm
1023.3478	1.0	1018.985	calm
1023.44815	1.0	1018.985	calm
1023.8355	1.0	1018.985	calm
1025.31445	1.0	1018.985	calm
1025.9495	1.0	1018.985	calm
1025.99285	1.0	1018.985	calm
1026.0248	1.0	1018.985	calm
1027.47215	1.0	1018.985	calm
1028.3939	1.0	1018.985	calm
1028.4271	1.0	1018.985	calm
1028.4638	1.0	1018.985	calm
1028.5136	1.0	1018.985	calm
1028.62875	1.0	1018.985	calm
1028.6609	1.0	1018.985	calm
1028.69155	1.0	1018.985	calm
1028.7614	1.0	1018.985	calm
1028.80165	1.0	1018.985	calm
1028.852	1.0	1018.985	calm
1028.89675	1.0	1018.985	calm
1028.92595	1.0	1018.985	calm
1034.26305	0.0	1018.985	calm
1034.58675	0.0	1018.985	calm
1034.5895	0.0	1018.985	calm
