 	Spike markers	 	 
Time	Value	Cmt Time	Cmt Text
s	V	s	 
244.6287001	0.0	239.9	Attention
244.6301501	0.0	239.9	Attention
244.6312501	0.0	239.9	Attention
247.1847501	1.0	239.9	Attention
247.2287001	1.0	239.9	Attention
247.2389001	1.0	239.9	Attention
247.2503501	1.0	239.9	Attention
247.2946501	1.0	239.9	Attention
247.3555001	1.0	239.9	Attention
247.4799501	1.0	239.9	Attention
247.5094001	1.0	239.9	Attention
247.8222501	1.0	239.9	Attention
247.8258001	1.0	239.9	Attention
247.8486501	1.0	239.9	Attention
247.9458001	1.0	239.9	Attention
248.0382501	1.0	239.9	Attention
695.5839501	0.0	694.335	gratitude
695.5858001	0.0	694.335	gratitude
695.5880501	0.0	694.335	gratitude
695.5896501	0.0	694.335	gratitude
695.6119001	0.0	694.335	gratitude
695.6373001	0.0	694.335	gratitude
695.6384001	0.0	694.335	gratitude
695.6395001	0.0	694.335	gratitude
695.6406501	0.0	694.335	gratitude
699.0867001	0.0	694.335	gratitude
699.1787501	0.0	694.335	gratitude
699.5313501	0.0	694.335	gratitude
702.4390001	0.0	694.335	gratitude
702.4428001	0.0	694.335	gratitude
702.4538001	0.0	694.335	gratitude
702.4588001	0.0	694.335	gratitude
702.4599501	0.0	694.335	gratitude
702.4629501	0.0	694.335	gratitude
702.9885501	0.0	694.335	gratitude
758.5080001	1.0	758.3375	love
761.2023501	1.0	758.3375	love
761.2093001	1.0	758.3375	love
761.2192001	1.0	758.3375	love
761.2401501	1.0	758.3375	love
761.2496001	1.0	758.3375	love
761.2550501	1.0	758.3375	love
761.3064001	1.0	758.3375	love
762.5996501	1.0	758.3375	love
762.7005501	1.0	758.3375	love
762.7200501	1.0	758.3375	love
762.7289501	1.0	758.3375	love
764.6627501	1.0	758.3375	love
764.6752001	1.0	758.3375	love
764.7053501	1.0	758.3375	love
764.7225001	1.0	758.3375	love
764.7794001	1.0	758.3375	love
766.6948001	1.0	758.3375	love
766.7176501	1.0	758.3375	love
766.7255001	1.0	758.3375	love
766.7598001	1.0	758.3375	love
778.1571001	1.0	776.6675	calming
778.1843501	1.0	776.6675	calming
778.7218001	0.0	776.6675	calming
778.7525501	1.0	776.6675	calming
778.7755501	1.0	776.6675	calming
778.7983001	1.0	776.6675	calming
778.8244001	1.0	776.6675	calming
779.0529501	1.0	776.6675	calming
779.0699501	1.0	776.6675	calming
779.1021001	1.0	776.6675	calming
779.1125001	1.0	776.6675	calming
779.5165001	1.0	776.6675	calming
782.2465001	1.0	776.6675	calming
782.2583501	1.0	776.6675	calming
782.2655001	1.0	776.6675	calming
782.2824501	1.0	776.6675	calming
782.3696001	1.0	776.6675	calming
782.6304501	1.0	776.6675	calming
784.4588001	1.0	776.6675	calming
784.4821501	1.0	776.6675	calming
784.5056501	1.0	776.6675	calming
784.5431001	1.0	776.6675	calming
784.5472001	1.0	776.6675	calming
784.5514501	1.0	776.6675	calming
784.5650501	1.0	776.6675	calming
784.5743001	1.0	776.6675	calming
784.6823501	1.0	776.6675	calming
784.7220501	1.0	776.6675	calming
784.7425501	1.0	776.6675	calming
784.8777001	1.0	776.6675	calming
784.8876001	1.0	776.6675	calming
784.9184501	1.0	776.6675	calming
784.9289001	1.0	776.6675	calming
785.1765001	1.0	776.6675	calming
785.1863001	1.0	776.6675	calming
795.4335501	1.0	794.7275	gratitude
795.4517501	1.0	794.7275	gratitude
796.4571501	1.0	794.7275	gratitude
796.8889001	1.0	794.7275	gratitude
796.9983501	1.0	794.7275	gratitude
797.0522001	1.0	794.7275	gratitude
798.5798501	1.0	794.7275	gratitude
798.5930001	1.0	794.7275	gratitude
799.3746501	1.0	794.7275	gratitude
799.4890001	1.0	794.7275	gratitude
799.8487001	1.0	794.7275	gratitude
799.9914501	1.0	794.7275	gratitude
800.1975001	1.0	794.7275	gratitude
800.5729501	1.0	794.7275	gratitude
800.6381501	0.0	794.7275	gratitude
800.6843001	0.0	794.7275	gratitude
800.6859501	0.0	794.7275	gratitude
800.7002501	0.0	794.7275	gratitude
800.7015001	0.0	794.7275	gratitude
800.7029001	0.0	794.7275	gratitude
800.7043501	0.0	794.7275	gratitude
800.7416501	0.0	794.7275	gratitude
800.7428501	0.0	794.7275	gratitude
800.7438501	0.0	794.7275	gratitude
800.7449001	0.0	794.7275	gratitude
800.7879001	1.0	794.7275	gratitude
800.8023501	0.0	794.7275	gratitude
800.8033501	0.0	794.7275	gratitude
800.8049001	0.0	794.7275	gratitude
800.8060001	0.0	794.7275	gratitude
800.8645001	0.0	794.7275	gratitude
801.1030001	1.0	794.7275	gratitude
801.1928001	1.0	794.7275	gratitude
801.3112501	1.0	794.7275	gratitude
801.3268001	0.0	794.7275	gratitude
802.6932501	1.0	794.7275	gratitude
802.8175501	1.0	794.7275	gratitude
802.8313001	1.0	794.7275	gratitude
802.8462501	1.0	794.7275	gratitude
802.8595501	1.0	794.7275	gratitude
803.1389001	1.0	794.7275	gratitude
803.4483001	1.0	794.7275	gratitude
803.8147501	1.0	794.7275	gratitude
804.2593001	1.0	794.7275	gratitude
804.2988501	0.0	794.7275	gratitude
804.8024001	1.0	794.7275	gratitude
811.8917501	1.0	811.795	happiness
811.9330501	0.0	811.795	happiness
811.9342501	0.0	811.795	happiness
811.9371001	0.0	811.795	happiness
812.0836501	1.0	811.795	happiness
812.2138501	1.0	811.795	happiness
812.2295501	0.0	811.795	happiness
812.3096001	1.0	811.795	happiness
812.4869001	1.0	811.795	happiness
814.2085001	1.0	811.795	happiness
814.2462001	0.0	811.795	happiness
814.2472501	0.0	811.795	happiness
814.2483501	0.0	811.795	happiness
814.2511001	0.0	811.795	happiness
814.4345501	0.0	811.795	happiness
814.4362001	0.0	811.795	happiness
814.4378001	0.0	811.795	happiness
814.5205001	1.0	811.795	happiness
814.8081001	1.0	811.795	happiness
814.8275001	0.0	811.795	happiness
814.9318001	1.0	811.795	happiness
814.9911001	1.0	811.795	happiness
815.1626501	0.0	811.795	happiness
815.1641001	0.0	811.795	happiness
815.2675501	1.0	811.795	happiness
815.2706501	1.0	811.795	happiness
815.3174501	1.0	811.795	happiness
816.0270001	1.0	811.795	happiness
816.0649501	0.0	811.795	happiness
816.0701501	0.0	811.795	happiness
816.0715001	0.0	811.795	happiness
816.1515001	1.0	811.795	happiness
816.1550001	1.0	811.795	happiness
816.1952501	1.0	811.795	happiness
816.2826001	1.0	811.795	happiness
816.6733001	1.0	811.795	happiness
816.6990001	0.0	811.795	happiness
816.7074501	0.0	811.795	happiness
816.7088501	0.0	811.795	happiness
816.7100501	0.0	811.795	happiness
816.7114001	0.0	811.795	happiness
816.7124001	0.0	811.795	happiness
816.7135501	0.0	811.795	happiness
816.9758001	1.0	811.795	happiness
817.2274001	1.0	811.795	happiness
817.8935001	0.0	811.795	happiness
817.8959501	0.0	811.795	happiness
818.1215001	1.0	811.795	happiness
818.1828001	0.0	811.795	happiness
818.1866501	0.0	811.795	happiness
818.4314501	1.0	811.795	happiness
818.7434001	1.0	811.795	happiness
818.9932501	1.0	811.795	happiness
819.0921001	1.0	811.795	happiness
819.1296501	0.0	811.795	happiness
820.1986001	1.0	811.795	happiness
820.5026501	1.0	811.795	happiness
820.8375501	1.0	811.795	happiness
832.1775001	1.0	830.6575	sadness
832.3020501	1.0	830.6575	sadness
834.6750501	1.0	830.6575	sadness
834.7239501	1.0	830.6575	sadness
834.7401501	1.0	830.6575	sadness
834.7735001	1.0	830.6575	sadness
834.7933501	1.0	830.6575	sadness
834.8202501	1.0	830.6575	sadness
834.9404501	1.0	830.6575	sadness
838.1819001	1.0	830.6575	sadness
841.6277001	1.0	830.6575	sadness
841.7705501	1.0	830.6575	sadness
849.0137501	1.0	848.245	attention
849.0651001	0.0	848.245	attention
849.4509501	0.0	848.245	attention
849.4543501	0.0	848.245	attention
849.4596001	1.0	848.245	attention
849.5096001	0.0	848.245	attention
849.6824501	1.0	848.245	attention
850.3757001	0.0	848.245	attention
850.3777501	0.0	848.245	attention
850.3789001	0.0	848.245	attention
850.4362501	0.0	848.245	attention
850.7808501	1.0	848.245	attention
850.7859501	1.0	848.245	attention
850.7940501	0.0	848.245	attention
850.8209501	0.0	848.245	attention
850.8308001	0.0	848.245	attention
850.8516001	0.0	848.245	attention
850.8536501	0.0	848.245	attention
850.8548501	0.0	848.245	attention
850.8559501	0.0	848.245	attention
850.8573001	0.0	848.245	attention
850.8760501	1.0	848.245	attention
850.9162501	0.0	848.245	attention
850.9177001	0.0	848.245	attention
850.9190001	0.0	848.245	attention
851.0200501	1.0	848.245	attention
851.0235501	0.0	848.245	attention
851.0639001	0.0	848.245	attention
851.0653001	0.0	848.245	attention
851.0664001	0.0	848.245	attention
851.0677501	0.0	848.245	attention
851.2231001	1.0	848.245	attention
851.2262501	1.0	848.245	attention
851.2294001	1.0	848.245	attention
851.3048001	1.0	848.245	attention
851.4608501	1.0	848.245	attention
851.9136001	0.0	848.245	attention
851.9149001	0.0	848.245	attention
851.9170001	0.0	848.245	attention
851.9569001	0.0	848.245	attention
851.9731501	0.0	848.245	attention
851.9743001	0.0	848.245	attention
851.9755001	0.0	848.245	attention
851.9766501	0.0	848.245	attention
852.0348001	0.0	848.245	attention
852.0358001	0.0	848.245	attention
852.7078501	1.0	848.245	attention
852.7117001	1.0	848.245	attention
852.7467501	0.0	848.245	attention
852.7549001	0.0	848.245	attention
852.7977001	1.0	848.245	attention
852.8048001	1.0	848.245	attention
852.9410001	0.0	848.245	attention
852.9447001	1.0	848.245	attention
852.9840501	0.0	848.245	attention
852.9871001	0.0	848.245	attention
853.0054501	1.0	848.245	attention
853.1629001	1.0	848.245	attention
853.2277501	1.0	848.245	attention
853.3971001	1.0	848.245	attention
853.4483001	0.0	848.245	attention
853.8341501	0.0	848.245	attention
853.8354001	0.0	848.245	attention
853.8527001	0.0	848.245	attention
853.8540001	0.0	848.245	attention
853.8556501	0.0	848.245	attention
853.9118501	0.0	848.245	attention
853.9129001	0.0	848.245	attention
853.9149501	0.0	848.245	attention
853.9746001	0.0	848.245	attention
854.7060501	1.0	848.245	attention
854.7096001	1.0	848.245	attention
854.7138501	0.0	848.245	attention
854.7414501	0.0	848.245	attention
854.7429001	0.0	848.245	attention
854.7441501	0.0	848.245	attention
854.7457001	0.0	848.245	attention
854.7471001	0.0	848.245	attention
854.7846501	0.0	848.245	attention
854.9606501	1.0	848.245	attention
854.9857501	1.0	848.245	attention
855.3952501	1.0	848.245	attention
855.3991501	1.0	848.245	attention
856.0310001	0.0	848.245	attention
856.0731501	0.0	848.245	attention
856.7581001	1.0	848.245	attention
856.7673001	1.0	848.245	attention
856.9902501	0.0	848.245	attention
856.9992501	1.0	848.245	attention
857.0221501	0.0	848.245	attention
857.2629001	1.0	848.245	attention
857.8929501	0.0	848.245	attention
857.8941001	0.0	848.245	attention
857.9112501	0.0	848.245	attention
857.9122501	0.0	848.245	attention
857.9134501	0.0	848.245	attention
857.9709501	0.0	848.245	attention
857.9723501	0.0	848.245	attention
857.9735501	0.0	848.245	attention
863.5808501	0.0	848.245	attention
925.9882501	1.0	924.61	calming
926.0062501	1.0	924.61	calming
926.0450001	1.0	924.61	calming
926.0501001	1.0	924.61	calming
926.0556501	1.0	924.61	calming
926.0732001	1.0	924.61	calming
926.1099501	1.0	924.61	calming
926.2761001	1.0	924.61	calming
926.2966501	1.0	924.61	calming
926.7691001	1.0	924.61	calming
926.8403001	1.0	924.61	calming
926.8514001	1.0	924.61	calming
927.2855501	1.0	924.61	calming
927.3774001	1.0	924.61	calming
928.3341001	1.0	924.61	calming
929.7818501	1.0	924.61	calming
929.8968001	1.0	924.61	calming
929.9168001	1.0	924.61	calming
929.9564501	1.0	924.61	calming
929.9787501	1.0	924.61	calming
930.0468001	1.0	924.61	calming
930.1956501	1.0	924.61	calming
930.2268001	1.0	924.61	calming
931.6141501	1.0	924.61	calming
931.7289501	1.0	924.61	calming
931.7719001	1.0	924.61	calming
931.9709001	1.0	924.61	calming
932.0013501	1.0	924.61	calming
933.5059001	1.0	924.61	calming
934.4833001	1.0	924.61	calming
934.5886501	1.0	924.61	calming
934.6102501	1.0	924.61	calming
934.7888001	1.0	924.61	calming
943.0987001	1.0	942.685	happiness
943.1394001	0.0	942.685	happiness
943.1410001	0.0	942.685	happiness
943.1423501	0.0	942.685	happiness
943.1469501	1.0	942.685	happiness
943.1661501	1.0	942.685	happiness
943.1946501	1.0	942.685	happiness
943.1985501	1.0	942.685	happiness
943.2081501	1.0	942.685	happiness
943.4285001	1.0	942.685	happiness
943.4318501	1.0	942.685	happiness
943.4351001	1.0	942.685	happiness
943.4708001	0.0	942.685	happiness
943.4725501	0.0	942.685	happiness
943.4744501	0.0	942.685	happiness
943.4757001	0.0	942.685	happiness
943.4770001	0.0	942.685	happiness
943.5022001	1.0	942.685	happiness
943.7225501	1.0	942.685	happiness
943.7461501	1.0	942.685	happiness
944.5017001	1.0	942.685	happiness
944.5048501	1.0	942.685	happiness
944.5076501	1.0	942.685	happiness
944.5443501	1.0	942.685	happiness
944.5792001	0.0	942.685	happiness
944.7722501	0.0	942.685	happiness
944.7758501	1.0	942.685	happiness
944.9722501	0.0	942.685	happiness
944.9733001	0.0	942.685	happiness
944.9743001	0.0	942.685	happiness
945.0710001	0.0	942.685	happiness
945.1416501	0.0	942.685	happiness
945.1626001	0.0	942.685	happiness
945.9582501	1.0	942.685	happiness
946.0040001	0.0	942.685	happiness
946.0737001	1.0	942.685	happiness
946.0847501	1.0	942.685	happiness
946.2766001	1.0	942.685	happiness
946.2895001	1.0	942.685	happiness
946.4269001	1.0	942.685	happiness
946.4632501	0.0	942.685	happiness
946.8773001	1.0	942.685	happiness
947.0364501	1.0	942.685	happiness
947.5196001	1.0	942.685	happiness
947.7483501	1.0	942.685	happiness
947.8395001	1.0	942.685	happiness
947.9482501	1.0	942.685	happiness
948.1645501	1.0	942.685	happiness
948.8348501	1.0	942.685	happiness
948.8640501	1.0	942.685	happiness
948.8682001	1.0	942.685	happiness
948.8747001	0.0	942.685	happiness
948.9036001	0.0	942.685	happiness
948.9049501	0.0	942.685	happiness
948.9087001	0.0	942.685	happiness
948.9102001	0.0	942.685	happiness
949.0494501	0.0	942.685	happiness
949.0504501	0.0	942.685	happiness
949.0516001	0.0	942.685	happiness
949.0532501	0.0	942.685	happiness
949.0551001	0.0	942.685	happiness
949.1461001	1.0	942.685	happiness
949.1572501	1.0	942.685	happiness
949.1849501	0.0	942.685	happiness
949.1874001	0.0	942.685	happiness
949.2700001	1.0	942.685	happiness
949.3707501	1.0	942.685	happiness
949.4643501	1.0	942.685	happiness
949.6143001	1.0	942.685	happiness
949.6176501	1.0	942.685	happiness
949.6286501	1.0	942.685	happiness
949.6564501	0.0	942.685	happiness
949.6574501	0.0	942.685	happiness
949.6586001	0.0	942.685	happiness
949.6597501	0.0	942.685	happiness
949.6608001	0.0	942.685	happiness
949.7014501	1.0	942.685	happiness
950.5208001	1.0	942.685	happiness
950.5252501	1.0	942.685	happiness
950.5641001	0.0	942.685	happiness
950.5658001	0.0	942.685	happiness
950.7082001	1.0	942.685	happiness
950.8940001	1.0	942.685	happiness
950.8980001	1.0	942.685	happiness
951.0072001	1.0	942.685	happiness
951.0152001	1.0	942.685	happiness
951.1816501	1.0	942.685	happiness
951.1953501	1.0	942.685	happiness
951.2982001	1.0	942.685	happiness
951.6752501	1.0	942.685	happiness
951.7402501	1.0	942.685	happiness
952.0343501	1.0	942.685	happiness
952.0383001	0.0	942.685	happiness
952.0781501	1.0	942.685	happiness
952.2543501	1.0	942.685	happiness
960.3079001	1.0	958.75	love
960.3257501	1.0	958.75	love
960.3360501	1.0	958.75	love
960.3475501	1.0	958.75	love
960.3572501	1.0	958.75	love
960.4009001	1.0	958.75	love
962.1529501	1.0	958.75	love
962.2310501	1.0	958.75	love
962.2495501	1.0	958.75	love
962.2583501	1.0	958.75	love
962.3330501	1.0	958.75	love
962.4505001	1.0	958.75	love
963.9977001	1.0	958.75	love
964.1119001	1.0	958.75	love
964.6252001	1.0	958.75	love
964.6651001	1.0	958.75	love
965.2252501	0.0	958.75	love
965.2268001	0.0	958.75	love
966.6683001	1.0	958.75	love
966.6837501	1.0	958.75	love
966.6934501	1.0	958.75	love
966.7136501	1.0	958.75	love
966.7666001	1.0	958.75	love
966.7907001	1.0	958.75	love
966.8085001	1.0	958.75	love
966.8277501	1.0	958.75	love
966.8441001	1.0	958.75	love
966.8576501	1.0	958.75	love
966.8632501	1.0	958.75	love
966.8852501	1.0	958.75	love
966.9007501	1.0	958.75	love
967.0935501	1.0	958.75	love
968.7056001	1.0	958.75	love
969.4013501	1.0	958.75	love
969.4171001	1.0	958.75	love
969.4275501	1.0	958.75	love
969.4483001	1.0	958.75	love
969.4641001	1.0	958.75	love
969.6616501	1.0	958.75	love
977.1835001	1.0	976.48	gratitude
978.4241001	1.0	976.48	gratitude
978.8203001	1.0	976.48	gratitude
978.9613501	1.0	976.48	gratitude
979.0387501	1.0	976.48	gratitude
979.1677001	1.0	976.48	gratitude
979.2630001	1.0	976.48	gratitude
979.3391501	1.0	976.48	gratitude
979.7417001	1.0	976.48	gratitude
979.8776501	1.0	976.48	gratitude
979.9054501	0.0	976.48	gratitude
979.9168501	1.0	976.48	gratitude
979.9363501	1.0	976.48	gratitude
980.0518501	1.0	976.48	gratitude
980.5562501	1.0	976.48	gratitude
980.9835501	1.0	976.48	gratitude
981.0104001	1.0	976.48	gratitude
981.3883001	1.0	976.48	gratitude
981.4083501	1.0	976.48	gratitude
981.4297501	1.0	976.48	gratitude
982.0049501	1.0	976.48	gratitude
982.1013001	1.0	976.48	gratitude
982.3737501	1.0	976.48	gratitude
982.4022001	1.0	976.48	gratitude
982.7114501	1.0	976.48	gratitude
982.7404001	1.0	976.48	gratitude
982.8343001	1.0	976.48	gratitude
983.6102001	1.0	976.48	gratitude
983.6473501	1.0	976.48	gratitude
983.7305501	1.0	976.48	gratitude
983.7600501	1.0	976.48	gratitude
983.7772001	1.0	976.48	gratitude
983.8075501	1.0	976.48	gratitude
983.8870001	1.0	976.48	gratitude
983.9076001	1.0	976.48	gratitude
983.9284001	1.0	976.48	gratitude
983.9933501	1.0	976.48	gratitude
984.1339501	1.0	976.48	gratitude
984.6148501	1.0	976.48	gratitude
984.6883501	1.0	976.48	gratitude
985.6292001	1.0	976.48	gratitude
985.6560501	1.0	976.48	gratitude
985.7775001	1.0	976.48	gratitude
986.2141001	1.0	976.48	gratitude
986.2306501	1.0	976.48	gratitude
986.2918501	1.0	976.48	gratitude
994.3110001	1.0	993.4	attention
994.3513001	0.0	993.4	attention
994.3530001	0.0	993.4	attention
994.3576501	0.0	993.4	attention
994.3590501	0.0	993.4	attention
994.3873001	1.0	993.4	attention
994.3989501	1.0	993.4	attention
994.5527501	1.0	993.4	attention
994.5879501	0.0	993.4	attention
994.5891001	0.0	993.4	attention
994.6033001	0.0	993.4	attention
994.7315501	1.0	993.4	attention
994.7442001	1.0	993.4	attention
994.7854001	1.0	993.4	attention
994.7933501	0.0	993.4	attention
994.9654001	1.0	993.4	attention
995.4779001	0.0	993.4	attention
995.4801001	0.0	993.4	attention
995.5368001	0.0	993.4	attention
995.5382501	0.0	993.4	attention
995.5401001	0.0	993.4	attention
995.5419501	0.0	993.4	attention
995.5975501	0.0	993.4	attention
995.5994001	0.0	993.4	attention
996.4393001	1.0	993.4	attention
996.4423501	1.0	993.4	attention
996.4853001	0.0	993.4	attention
996.4863001	0.0	993.4	attention
996.4879501	0.0	993.4	attention
996.5229001	0.0	993.4	attention
996.8522501	1.0	993.4	attention
996.8559501	1.0	993.4	attention
996.8888501	1.0	993.4	attention
996.9153001	1.0	993.4	attention
996.9467001	1.0	993.4	attention
997.0769501	1.0	993.4	attention
997.0800501	1.0	993.4	attention
998.6032001	1.0	993.4	attention
998.6062001	1.0	993.4	attention
998.6107501	1.0	993.4	attention
998.6397501	0.0	993.4	attention
998.6437501	1.0	993.4	attention
998.6460001	0.0	993.4	attention
998.8244501	1.0	993.4	attention
998.8276001	1.0	993.4	attention
999.0419501	1.0	993.4	attention
999.0452001	1.0	993.4	attention
999.0478001	1.0	993.4	attention
999.0986001	0.0	993.4	attention
999.2608501	1.0	993.4	attention
999.2638001	1.0	993.4	attention
999.3135501	0.0	993.4	attention
1000.83565	1.0	993.4	attention
1000.8413	1.0	993.4	attention
1000.8861	0.0	993.4	attention
1000.8875	0.0	993.4	attention
1000.90725	0.0	993.4	attention
1001.06915	1.0	993.4	attention
1001.107	1.0	993.4	attention
1001.1153	0.0	993.4	attention
1001.14615	1.0	993.4	attention
1001.28445	1.0	993.4	attention
1001.2878	1.0	993.4	attention
1001.2904	1.0	993.4	attention
1001.35625	1.0	993.4	attention
1003.04085	1.0	993.4	attention
1003.0438	1.0	993.4	attention
1003.27095	0.0	993.4	attention
1003.3474	1.0	993.4	attention
1003.5028	1.0	993.4	attention
1003.54265	1.0	993.4	attention
1003.56085	0.0	993.4	attention
1003.724	0.0	993.4	attention
1003.72725	0.0	993.4	attention
1003.7654	1.0	993.4	attention
1003.7693	1.0	993.4	attention
1003.78275	0.0	993.4	attention
1004.35555	0.0	993.4	attention
1013.39605	0.0	1010.41	sadness
1013.3976	0.0	1010.41	sadness
1013.40685	0.0	1010.41	sadness
1013.42035	0.0	1010.41	sadness
1014.3235	1.0	1010.41	sadness
1017.47905	1.0	1010.41	sadness
1017.48925	0.0	1010.41	sadness
1017.49105	0.0	1010.41	sadness
1017.5093	0.0	1010.41	sadness
1017.51035	0.0	1010.41	sadness
1017.52015	0.0	1010.41	sadness
1017.52205	0.0	1010.41	sadness
1018.99745	1.0	1010.41	sadness
1019.0149	1.0	1010.41	sadness
1020.8671	1.0	1010.41	sadness
1028.0126	1.0	1027.2775	happiness
1028.0694	1.0	1027.2775	happiness
1028.07245	1.0	1027.2775	happiness
1028.0756	0.0	1027.2775	happiness
1028.085	1.0	1027.2775	happiness
1028.09435	0.0	1027.2775	happiness
1028.11235	0.0	1027.2775	happiness
1028.1137	0.0	1027.2775	happiness
1028.115	0.0	1027.2775	happiness
1028.125	0.0	1027.2775	happiness
1028.3232	1.0	1027.2775	happiness
1028.3479	1.0	1027.2775	happiness
1028.3898	0.0	1027.2775	happiness
1028.39125	0.0	1027.2775	happiness
1028.39255	0.0	1027.2775	happiness
1028.394	0.0	1027.2775	happiness
1028.39535	0.0	1027.2775	happiness
1028.63325	1.0	1027.2775	happiness
1028.6374	1.0	1027.2775	happiness
1028.73115	1.0	1027.2775	happiness
1029.3916	1.0	1027.2775	happiness
1029.42845	0.0	1027.2775	happiness
1029.4519	0.0	1027.2775	happiness
1029.45355	0.0	1027.2775	happiness
1029.45545	0.0	1027.2775	happiness
1029.5787	0.0	1027.2775	happiness
1029.57995	0.0	1027.2775	happiness
1029.5811	0.0	1027.2775	happiness
1029.58215	0.0	1027.2775	happiness
1029.6664	1.0	1027.2775	happiness
1029.67175	1.0	1027.2775	happiness
1029.6799	1.0	1027.2775	happiness
1029.7272	1.0	1027.2775	happiness
1029.73465	0.0	1027.2775	happiness
1029.73685	0.0	1027.2775	happiness
1029.7632	1.0	1027.2775	happiness
1029.9459	1.0	1027.2775	happiness
1029.98525	1.0	1027.2775	happiness
1030.0802	1.0	1027.2775	happiness
1030.2466	1.0	1027.2775	happiness
1030.8563	0.0	1027.2775	happiness
1030.9256	1.0	1027.2775	happiness
1031.27365	1.0	1027.2775	happiness
1032.12175	1.0	1027.2775	happiness
1032.16785	1.0	1027.2775	happiness
1032.22105	1.0	1027.2775	happiness
1032.9895	1.0	1027.2775	happiness
1033.0829	1.0	1027.2775	happiness
1033.19595	1.0	1027.2775	happiness
1033.2447	1.0	1027.2775	happiness
1033.3158	1.0	1027.2775	happiness
1033.5024	1.0	1027.2775	happiness
1033.65285	0.0	1027.2775	happiness
1034.41775	1.0	1027.2775	happiness
1034.42155	1.0	1027.2775	happiness
1034.49735	1.0	1027.2775	happiness
1034.537	1.0	1027.2775	happiness
1034.7591	1.0	1027.2775	happiness
1034.9815	1.0	1027.2775	happiness
1034.98785	1.0	1027.2775	happiness
1035.06315	1.0	1027.2775	happiness
1035.15635	1.0	1027.2775	happiness
1036.363	1.0	1027.2775	happiness
1036.6641	1.0	1027.2775	happiness
1036.78175	1.0	1027.2775	happiness
1036.82385	1.0	1027.2775	happiness
1036.8382	1.0	1027.2775	happiness
1036.93135	1.0	1027.2775	happiness
1036.9401	1.0	1027.2775	happiness
1036.97895	1.0	1027.2775	happiness
1036.99215	1.0	1027.2775	happiness
1037.23375	1.0	1027.2775	happiness
1045.2159	1.0	1044.69	sadness
1051.8057	1.0	1044.69	sadness
1061.923	1.0	1059.925	love
1061.946	1.0	1059.925	love
1061.95715	1.0	1059.925	love
1062.0149	1.0	1059.925	love
1063.7767	1.0	1059.925	love
1063.7949	1.0	1059.925	love
1063.81405	1.0	1059.925	love
1063.83	1.0	1059.925	love
1063.85455	1.0	1059.925	love
1063.86985	1.0	1059.925	love
1063.8935	1.0	1059.925	love
1063.90095	1.0	1059.925	love
1063.90995	1.0	1059.925	love
1063.9191	1.0	1059.925	love
1063.9331	1.0	1059.925	love
1063.95805	1.0	1059.925	love
1065.29955	1.0	1059.925	love
1065.42095	1.0	1059.925	love
1065.43595	1.0	1059.925	love
1065.765	1.0	1059.925	love
1065.783	1.0	1059.925	love
1065.7936	1.0	1059.925	love
1065.81765	1.0	1059.925	love
1066.3321	1.0	1059.925	love
1067.60325	1.0	1059.925	love
1067.6288	1.0	1059.925	love
1067.67025	1.0	1059.925	love
1067.6769	1.0	1059.925	love
1067.6871	1.0	1059.925	love
1067.70345	1.0	1059.925	love
1067.71765	1.0	1059.925	love
1067.74775	1.0	1059.925	love
1067.759	1.0	1059.925	love
1067.76365	1.0	1059.925	love
1067.77425	1.0	1059.925	love
1067.7807	1.0	1059.925	love
1067.7848	1.0	1059.925	love
1067.7892	1.0	1059.925	love
1067.79575	1.0	1059.925	love
1067.8057	1.0	1059.925	love
1067.826	1.0	1059.925	love
1067.92695	1.0	1059.925	love
1069.01935	1.0	1059.925	love
1069.3727	1.0	1059.925	love
1069.39415	1.0	1059.925	love
1069.5804	1.0	1059.925	love
1069.70965	1.0	1059.925	love
1070.0329	1.0	1059.925	love
1078.59575	1.0	1077.125	calming
1078.61615	1.0	1077.125	calming
1078.6766	1.0	1077.125	calming
1078.6976	1.0	1077.125	calming
1078.7746	1.0	1077.125	calming
1079.1933	1.0	1077.125	calming
1079.21685	1.0	1077.125	calming
1079.2376	1.0	1077.125	calming
1079.27735	1.0	1077.125	calming
1079.2953	1.0	1077.125	calming
1079.3168	1.0	1077.125	calming
1079.4442	1.0	1077.125	calming
1079.6085	1.0	1077.125	calming
1079.726	1.0	1077.125	calming
1079.86175	1.0	1077.125	calming
1079.96755	1.0	1077.125	calming
1080.1216	0.0	1077.125	calming
1080.1288	1.0	1077.125	calming
1080.1515	0.0	1077.125	calming
1080.2325	1.0	1077.125	calming
1080.29055	1.0	1077.125	calming
1080.33585	0.0	1077.125	calming
1080.59895	0.0	1077.125	calming
1080.6001	0.0	1077.125	calming
1080.60165	0.0	1077.125	calming
1080.65635	0.0	1077.125	calming
1083.40135	1.0	1077.125	calming
1083.4717	1.0	1077.125	calming
1083.5407	1.0	1077.125	calming
1083.60835	1.0	1077.125	calming
1083.70855	1.0	1077.125	calming
1083.8383	1.0	1077.125	calming
1083.972	0.0	1077.125	calming
1083.9731	0.0	1077.125	calming
1083.97425	0.0	1077.125	calming
1083.97535	0.0	1077.125	calming
1083.97635	0.0	1077.125	calming
1083.97735	0.0	1077.125	calming
1083.9784	0.0	1077.125	calming
1083.97945	0.0	1077.125	calming
1083.9831	0.0	1077.125	calming
1084.16185	1.0	1077.125	calming
1084.2173	1.0	1077.125	calming
1087.97235	1.0	1077.125	calming
1088.0037	1.0	1077.125	calming
1088.1466	1.0	1077.125	calming
1088.24455	1.0	1077.125	calming
1088.26455	1.0	1077.125	calming
1094.81435	0.0	1094.1	gratitude
1094.83155	1.0	1094.1	gratitude
1094.8434	1.0	1094.1	gratitude
1097.0666	1.0	1094.1	gratitude
1097.10145	1.0	1094.1	gratitude
1097.13825	1.0	1094.1	gratitude
1097.1641	1.0	1094.1	gratitude
1097.22865	1.0	1094.1	gratitude
1097.36595	1.0	1094.1	gratitude
1097.3818	1.0	1094.1	gratitude
1097.4129	1.0	1094.1	gratitude
1097.4273	1.0	1094.1	gratitude
1097.8014	1.0	1094.1	gratitude
1097.8822	1.0	1094.1	gratitude
1098.0281	1.0	1094.1	gratitude
1098.04245	1.0	1094.1	gratitude
1098.06485	1.0	1094.1	gratitude
1098.4585	1.0	1094.1	gratitude
1098.57225	1.0	1094.1	gratitude
1098.5862	1.0	1094.1	gratitude
1098.6034	1.0	1094.1	gratitude
1098.62135	1.0	1094.1	gratitude
1098.6493	1.0	1094.1	gratitude
1098.84295	1.0	1094.1	gratitude
1098.86295	1.0	1094.1	gratitude
1098.87715	1.0	1094.1	gratitude
1098.89945	1.0	1094.1	gratitude
1099.06555	1.0	1094.1	gratitude
1100.20575	1.0	1094.1	gratitude
1100.25795	1.0	1094.1	gratitude
1100.6604	1.0	1094.1	gratitude
1100.67885	1.0	1094.1	gratitude
1100.7292	1.0	1094.1	gratitude
1100.76165	1.0	1094.1	gratitude
1100.7717	1.0	1094.1	gratitude
1100.8038	1.0	1094.1	gratitude
1100.8415	1.0	1094.1	gratitude
1100.89965	1.0	1094.1	gratitude
1100.9079	1.0	1094.1	gratitude
1100.917	1.0	1094.1	gratitude
1100.94345	1.0	1094.1	gratitude
1100.9546	1.0	1094.1	gratitude
1101.01525	1.0	1094.1	gratitude
1101.08215	1.0	1094.1	gratitude
1101.22325	1.0	1094.1	gratitude
1101.40075	1.0	1094.1	gratitude
1101.41445	1.0	1094.1	gratitude
1101.60305	1.0	1094.1	gratitude
1101.65135	1.0	1094.1	gratitude
1101.7474	1.0	1094.1	gratitude
1101.84215	1.0	1094.1	gratitude
1101.8845	1.0	1094.1	gratitude
1101.91885	1.0	1094.1	gratitude
1101.96495	1.0	1094.1	gratitude
1101.98885	1.0	1094.1	gratitude
1102.2021	1.0	1094.1	gratitude
1102.3243	1.0	1094.1	gratitude
1102.34025	1.0	1094.1	gratitude
1102.7773	1.0	1094.1	gratitude
1102.8562	1.0	1094.1	gratitude
1103.6573	1.0	1094.1	gratitude
1103.75095	1.0	1094.1	gratitude
1103.77615	1.0	1094.1	gratitude
1103.8067	1.0	1094.1	gratitude
1104.24005	1.0	1094.1	gratitude
1104.3238	1.0	1094.1	gratitude
1104.36275	1.0	1094.1	gratitude
1104.3792	1.0	1094.1	gratitude
1104.44505	1.0	1094.1	gratitude
1104.5008	1.0	1094.1	gratitude
1104.5074	1.0	1094.1	gratitude
1104.51385	1.0	1094.1	gratitude
1104.52585	1.0	1094.1	gratitude
1104.6032	1.0	1094.1	gratitude
1104.62375	1.0	1094.1	gratitude
1111.7226	1.0	1111.17	attention
1111.73925	0.0	1111.17	attention
1111.74885	0.0	1111.17	attention
1111.7575	0.0	1111.17	attention
1111.7587	0.0	1111.17	attention
1111.7598	0.0	1111.17	attention
1111.7611	0.0	1111.17	attention
1111.7623	0.0	1111.17	attention
1111.76355	0.0	1111.17	attention
1111.92895	1.0	1111.17	attention
1111.9321	1.0	1111.17	attention
1111.93795	0.0	1111.17	attention
1111.93985	0.0	1111.17	attention
1111.9997	0.0	1111.17	attention
1112.1739	0.0	1111.17	attention
1112.19475	0.0	1111.17	attention
1112.3395	1.0	1111.17	attention
1112.3429	1.0	1111.17	attention
1112.4167	1.0	1111.17	attention
1112.86695	0.0	1111.17	attention
1113.79905	1.0	1111.17	attention
1113.80325	1.0	1111.17	attention
1113.80975	0.0	1111.17	attention
1113.81245	0.0	1111.17	attention
1113.8398	0.0	1111.17	attention
1113.8563	1.0	1111.17	attention
1113.87335	1.0	1111.17	attention
1113.87735	1.0	1111.17	attention
1114.01745	1.0	1111.17	attention
1114.02115	1.0	1111.17	attention
1114.09135	0.0	1111.17	attention
1114.2192	1.0	1111.17	attention
1114.22185	1.0	1111.17	attention
1114.2939	1.0	1111.17	attention
1114.492	0.0	1111.17	attention
1114.51215	1.0	1111.17	attention
1114.7084	0.0	1111.17	attention
1116.1748	1.0	1111.17	attention
1116.17805	1.0	1111.17	attention
1116.18785	0.0	1111.17	attention
1116.2157	0.0	1111.17	attention
1116.21675	0.0	1111.17	attention
1116.2365	1.0	1111.17	attention
1116.4633	1.0	1111.17	attention
1116.61605	0.0	1111.17	attention
1116.8546	0.0	1111.17	attention
1118.242	1.0	1111.17	attention
1118.2455	1.0	1111.17	attention
1118.33965	1.0	1111.17	attention
1118.69535	1.0	1111.17	attention
1118.6987	1.0	1111.17	attention
1118.77975	0.0	1111.17	attention
1118.79715	0.0	1111.17	attention
1119.5666	0.0	1111.17	attention
1119.5682	0.0	1111.17	attention
1119.5692	0.0	1111.17	attention
1119.6273	0.0	1111.17	attention
1120.64565	1.0	1111.17	attention
1120.65685	0.0	1111.17	attention
1120.65875	0.0	1111.17	attention
1120.73905	1.0	1111.17	attention
1120.8859	0.0	1111.17	attention
1120.9166	1.0	1111.17	attention
1120.958	1.0	1111.17	attention
1121.15375	0.0	1111.17	attention
1124.14905	0.0	1111.17	attention
1124.35635	1.0	1111.17	attention
1291.08245	1.0	1290.6075	attention
1291.08525	1.0	1290.6075	attention
1291.09255	1.0	1290.6075	attention
1291.14215	0.0	1290.6075	attention
1291.16255	1.0	1290.6075	attention
1291.16995	1.0	1290.6075	attention
1291.3414	1.0	1290.6075	attention
1291.3447	1.0	1290.6075	attention
1291.42095	1.0	1290.6075	attention
1291.5993	0.0	1290.6075	attention
1291.60785	1.0	1290.6075	attention
1291.641	1.0	1290.6075	attention
1291.6516	1.0	1290.6075	attention
1291.6588	1.0	1290.6075	attention
1291.7876	1.0	1290.6075	attention
1291.79075	1.0	1290.6075	attention
1291.84765	0.0	1290.6075	attention
1291.8818	1.0	1290.6075	attention
1291.88875	1.0	1290.6075	attention
1292.0389	1.0	1290.6075	attention
1292.09955	1.0	1290.6075	attention
1292.1154	1.0	1290.6075	attention
1292.1219	1.0	1290.6075	attention
1292.168	0.0	1290.6075	attention
1292.1692	0.0	1290.6075	attention
1292.1706	0.0	1290.6075	attention
1293.2757	1.0	1290.6075	attention
1293.2852	1.0	1290.6075	attention
1293.2939	1.0	1290.6075	attention
1293.4613	1.0	1290.6075	attention
1293.46445	1.0	1290.6075	attention
1293.52935	1.0	1290.6075	attention
1293.5423	1.0	1290.6075	attention
1293.58935	0.0	1290.6075	attention
1293.59035	0.0	1290.6075	attention
1293.59275	0.0	1290.6075	attention
1293.59375	0.0	1290.6075	attention
1293.68865	1.0	1290.6075	attention
1293.69175	1.0	1290.6075	attention
1293.72955	0.0	1290.6075	attention
1293.7309	0.0	1290.6075	attention
1293.7632	1.0	1290.6075	attention
1293.77235	1.0	1290.6075	attention
1293.91915	1.0	1290.6075	attention
1293.95725	0.0	1290.6075	attention
1293.95855	0.0	1290.6075	attention
1293.9907	1.0	1290.6075	attention
1294.1651	1.0	1290.6075	attention
1294.1681	1.0	1290.6075	attention
1294.2371	1.0	1290.6075	attention
1294.25475	1.0	1290.6075	attention
1294.2962	0.0	1290.6075	attention
1294.29725	0.0	1290.6075	attention
1294.299	0.0	1290.6075	attention
1294.3007	0.0	1290.6075	attention
1295.36715	1.0	1290.6075	attention
1295.37045	1.0	1290.6075	attention
1295.4328	1.0	1290.6075	attention
1295.4462	1.0	1290.6075	attention
1295.60595	1.0	1290.6075	attention
1295.6091	1.0	1290.6075	attention
1295.6824	1.0	1290.6075	attention
1295.6892	1.0	1290.6075	attention
1295.6988	1.0	1290.6075	attention
1295.8214	1.0	1290.6075	attention
1295.82455	1.0	1290.6075	attention
1295.9063	1.0	1290.6075	attention
1295.91395	1.0	1290.6075	attention
1296.06475	1.0	1290.6075	attention
1296.0679	1.0	1290.6075	attention
1296.07675	1.0	1290.6075	attention
1296.1086	1.0	1290.6075	attention
1296.16255	1.0	1290.6075	attention
1296.30505	1.0	1290.6075	attention
1296.30835	1.0	1290.6075	attention
1296.38185	1.0	1290.6075	attention
1297.41715	1.0	1290.6075	attention
1297.4196	1.0	1290.6075	attention
1297.4223	1.0	1290.6075	attention
1297.4563	0.0	1290.6075	attention
1297.46115	1.0	1290.6075	attention
1297.4746	0.0	1290.6075	attention
1297.50705	1.0	1290.6075	attention
1297.5244	0.0	1290.6075	attention
1297.6725	1.0	1290.6075	attention
1297.6759	1.0	1290.6075	attention
1297.7401	1.0	1290.6075	attention
1297.7476	1.0	1290.6075	attention
1297.901	1.0	1290.6075	attention
1297.9042	1.0	1290.6075	attention
1297.9073	1.0	1290.6075	attention
1297.97055	1.0	1290.6075	attention
1297.97845	1.0	1290.6075	attention
1297.99085	1.0	1290.6075	attention
1298.1205	1.0	1290.6075	attention
1298.1237	1.0	1290.6075	attention
1298.1985	1.0	1290.6075	attention
1298.20675	1.0	1290.6075	attention
1298.39325	1.0	1290.6075	attention
1298.3963	1.0	1290.6075	attention
1298.45595	1.0	1290.6075	attention
1298.4621	1.0	1290.6075	attention
1299.6545	1.0	1290.6075	attention
1299.65745	1.0	1290.6075	attention
1299.73615	1.0	1290.6075	attention
1299.7414	1.0	1290.6075	attention
1299.89725	1.0	1290.6075	attention
1299.9006	1.0	1290.6075	attention
1299.9759	1.0	1290.6075	attention
1299.98155	1.0	1290.6075	attention
1300.11275	1.0	1290.6075	attention
1300.1158	1.0	1290.6075	attention
1300.18125	1.0	1290.6075	attention
1300.20045	1.0	1290.6075	attention
1300.3399	1.0	1290.6075	attention
1300.42605	1.0	1290.6075	attention
1300.60565	1.0	1290.6075	attention
1300.6088	1.0	1290.6075	attention
1300.6772	1.0	1290.6075	attention
1300.69725	1.0	1290.6075	attention
1301.7517	1.0	1290.6075	attention
1301.75455	1.0	1290.6075	attention
1301.7569	1.0	1290.6075	attention
1301.78945	1.0	1290.6075	attention
1301.8258	1.0	1290.6075	attention
1301.8418	1.0	1290.6075	attention
1302.01175	1.0	1290.6075	attention
1302.0148	1.0	1290.6075	attention
1302.09765	1.0	1290.6075	attention
1302.10215	1.0	1290.6075	attention
1302.24815	1.0	1290.6075	attention
1302.2513	1.0	1290.6075	attention
1302.3216	1.0	1290.6075	attention
1302.33825	1.0	1290.6075	attention
1302.3473	1.0	1290.6075	attention
1308.26135	0.0	1290.6075	attention
1330.94105	1.0	1330.8925	attention
1330.94415	1.0	1330.8925	attention
1330.94785	1.0	1330.8925	attention
1331.02185	1.0	1330.8925	attention
1331.0384	1.0	1330.8925	attention
1331.04265	0.0	1330.8925	attention
1331.2071	1.0	1330.8925	attention
1331.2101	1.0	1330.8925	attention
1331.23125	1.0	1330.8925	attention
1331.25215	0.0	1330.8925	attention
1331.2785	1.0	1330.8925	attention
1331.29815	1.0	1330.8925	attention
1331.4314	0.0	1330.8925	attention
1331.4344	1.0	1330.8925	attention
1331.43705	0.0	1330.8925	attention
1331.4418	1.0	1330.8925	attention
1331.47425	0.0	1330.8925	attention
1331.4759	0.0	1330.8925	attention
1331.47745	0.0	1330.8925	attention
1331.506	1.0	1330.8925	attention
1331.51575	1.0	1330.8925	attention
1331.66185	1.0	1330.8925	attention
1331.66495	1.0	1330.8925	attention
1331.6676	1.0	1330.8925	attention
1331.70195	0.0	1330.8925	attention
1331.70295	0.0	1330.8925	attention
1331.70655	0.0	1330.8925	attention
1331.73715	1.0	1330.8925	attention
1331.75045	1.0	1330.8925	attention
1331.9067	1.0	1330.8925	attention
1331.9098	1.0	1330.8925	attention
1331.94865	0.0	1330.8925	attention
1331.9505	0.0	1330.8925	attention
1331.97485	1.0	1330.8925	attention
1331.98425	0.0	1330.8925	attention
1331.99	1.0	1330.8925	attention
1332.036	0.0	1330.8925	attention
1332.037	0.0	1330.8925	attention
1332.0422	0.0	1330.8925	attention
1332.04465	0.0	1330.8925	attention
1333.2422	1.0	1330.8925	attention
1333.24525	1.0	1330.8925	attention
1333.26375	1.0	1330.8925	attention
1333.31985	1.0	1330.8925	attention
1333.32435	1.0	1330.8925	attention
1333.50545	1.0	1330.8925	attention
1333.50845	1.0	1330.8925	attention
1333.5512	0.0	1330.8925	attention
1333.5744	1.0	1330.8925	attention
1333.5826	1.0	1330.8925	attention
1333.72665	1.0	1330.8925	attention
1333.7297	1.0	1330.8925	attention
1333.79675	1.0	1330.8925	attention
1333.8096	1.0	1330.8925	attention
1333.8157	1.0	1330.8925	attention
1333.9617	1.0	1330.8925	attention
1333.96465	1.0	1330.8925	attention
1334.0383	0.0	1330.8925	attention
1334.0592	1.0	1330.8925	attention
1334.09225	0.0	1330.8925	attention
1334.0941	0.0	1330.8925	attention
1334.09525	0.0	1330.8925	attention
1334.09725	0.0	1330.8925	attention
1334.22065	1.0	1330.8925	attention
1334.2237	1.0	1330.8925	attention
1334.2278	1.0	1330.8925	attention
1334.26575	0.0	1330.8925	attention
1334.3286	0.0	1330.8925	attention
1334.3457	0.0	1330.8925	attention
1334.34775	0.0	1330.8925	attention
1334.34945	0.0	1330.8925	attention
1334.3507	0.0	1330.8925	attention
1334.352	0.0	1330.8925	attention
1334.3532	0.0	1330.8925	attention
1334.3545	0.0	1330.8925	attention
1334.35575	0.0	1330.8925	attention
1335.7629	1.0	1330.8925	attention
1335.76575	1.0	1330.8925	attention
1335.7861	1.0	1330.8925	attention
1335.8311	1.0	1330.8925	attention
1335.856	1.0	1330.8925	attention
1336.0117	1.0	1330.8925	attention
1336.0157	1.0	1330.8925	attention
1336.0195	1.0	1330.8925	attention
1336.08595	1.0	1330.8925	attention
1336.093	1.0	1330.8925	attention
1336.1048	1.0	1330.8925	attention
1336.1422	0.0	1330.8925	attention
1336.1435	0.0	1330.8925	attention
1336.1446	0.0	1330.8925	attention
1336.14685	0.0	1330.8925	attention
1336.2373	1.0	1330.8925	attention
1336.24055	1.0	1330.8925	attention
1336.2605	1.0	1330.8925	attention
1336.2784	0.0	1330.8925	attention
1336.27975	0.0	1330.8925	attention
1336.28095	0.0	1330.8925	attention
1336.2838	0.0	1330.8925	attention
1336.30705	1.0	1330.8925	attention
1336.3233	1.0	1330.8925	attention
1336.455	1.0	1330.8925	attention
1336.458	1.0	1330.8925	attention
1336.4606	1.0	1330.8925	attention
1336.4638	1.0	1330.8925	attention
1336.4968	0.0	1330.8925	attention
1336.4996	0.0	1330.8925	attention
1336.50105	0.0	1330.8925	attention
1336.50245	0.0	1330.8925	attention
1336.52885	1.0	1330.8925	attention
1336.5437	1.0	1330.8925	attention
1336.69615	1.0	1330.8925	attention
1336.6992	1.0	1330.8925	attention
1336.7044	1.0	1330.8925	attention
1336.73765	0.0	1330.8925	attention
1336.7391	0.0	1330.8925	attention
1336.74185	0.0	1330.8925	attention
1336.766	1.0	1330.8925	attention
1336.7735	1.0	1330.8925	attention
1338.12995	1.0	1330.8925	attention
1338.13305	1.0	1330.8925	attention
1338.19275	1.0	1330.8925	attention
1338.2006	1.0	1330.8925	attention
1338.3821	1.0	1330.8925	attention
1338.3851	1.0	1330.8925	attention
1338.38765	1.0	1330.8925	attention
1338.4446	1.0	1330.8925	attention
1338.45305	0.0	1330.8925	attention
1338.50655	0.0	1330.8925	attention
1338.60945	1.0	1330.8925	attention
1338.6125	1.0	1330.8925	attention
1338.6157	1.0	1330.8925	attention
1338.6505	0.0	1330.8925	attention
1338.67695	1.0	1330.8925	attention
1338.68425	1.0	1330.8925	attention
1338.69345	1.0	1330.8925	attention
1338.739	0.0	1330.8925	attention
1338.7405	0.0	1330.8925	attention
1338.74175	0.0	1330.8925	attention
1338.74275	0.0	1330.8925	attention
1338.74375	0.0	1330.8925	attention
1338.8498	1.0	1330.8925	attention
1338.853	1.0	1330.8925	attention
1338.85575	1.0	1330.8925	attention
1338.922	1.0	1330.8925	attention
1338.9363	1.0	1330.8925	attention
1338.9791	0.0	1330.8925	attention
1338.98085	0.0	1330.8925	attention
1338.98205	0.0	1330.8925	attention
1338.9834	0.0	1330.8925	attention
1338.98475	0.0	1330.8925	attention
1338.98585	0.0	1330.8925	attention
1339.1143	1.0	1330.8925	attention
1339.11745	1.0	1330.8925	attention
1339.1202	1.0	1330.8925	attention
1339.15995	0.0	1330.8925	attention
1339.18075	1.0	1330.8925	attention
1339.18805	1.0	1330.8925	attention
1340.46045	1.0	1330.8925	attention
1340.4631	1.0	1330.8925	attention
1340.48145	1.0	1330.8925	attention
1340.49945	1.0	1330.8925	attention
1340.5134	0.0	1330.8925	attention
1340.6942	1.0	1330.8925	attention
1340.6976	1.0	1330.8925	attention
1340.7002	1.0	1330.8925	attention
1340.715	1.0	1330.8925	attention
1340.7372	0.0	1330.8925	attention
1340.76355	1.0	1330.8925	attention
1340.92905	1.0	1330.8925	attention
1340.93235	1.0	1330.8925	attention
1340.93485	1.0	1330.8925	attention
1340.93715	1.0	1330.8925	attention
1340.97375	0.0	1330.8925	attention
1340.9785	1.0	1330.8925	attention
1340.99245	0.0	1330.8925	attention
1347.3177	1.0	1330.8925	attention
1356.14105	1.0	1354.995	attention
1356.14455	1.0	1354.995	attention
1356.15205	1.0	1354.995	attention
1356.2073	1.0	1354.995	attention
1356.21475	1.0	1354.995	attention
1356.2236	1.0	1354.995	attention
1356.39515	1.0	1354.995	attention
1356.39855	1.0	1354.995	attention
1356.40115	1.0	1354.995	attention
1356.41655	1.0	1354.995	attention
1356.4569	1.0	1354.995	attention
1356.46495	1.0	1354.995	attention
1356.47625	1.0	1354.995	attention
1356.5214	0.0	1354.995	attention
1356.5229	0.0	1354.995	attention
1356.52415	0.0	1354.995	attention
1356.52535	0.0	1354.995	attention
1356.52715	0.0	1354.995	attention
1356.62435	1.0	1354.995	attention
1356.62785	1.0	1354.995	attention
1356.6305	1.0	1354.995	attention
1356.66595	0.0	1354.995	attention
1356.66715	0.0	1354.995	attention
1356.68685	0.0	1354.995	attention
1356.69425	1.0	1354.995	attention
1356.7054	1.0	1354.995	attention
1356.757	0.0	1354.995	attention
1356.7598	0.0	1354.995	attention
1356.8391	1.0	1354.995	attention
1356.84255	1.0	1354.995	attention
1356.84715	0.0	1354.995	attention
1356.87895	0.0	1354.995	attention
1356.8843	0.0	1354.995	attention
1356.88625	0.0	1354.995	attention
1356.9182	1.0	1354.995	attention
1356.9281	1.0	1354.995	attention
1357.07845	1.0	1354.995	attention
1357.0814	1.0	1354.995	attention
1357.11835	0.0	1354.995	attention
1357.12025	0.0	1354.995	attention
1357.12135	0.0	1354.995	attention
1357.12235	0.0	1354.995	attention
1357.14225	1.0	1354.995	attention
1357.14865	1.0	1354.995	attention
1357.15465	1.0	1354.995	attention
1358.25	1.0	1354.995	attention
1358.3227	1.0	1354.995	attention
1358.3374	1.0	1354.995	attention
1358.53145	1.0	1354.995	attention
1358.5346	1.0	1354.995	attention
1358.5386	1.0	1354.995	attention
1358.59445	1.0	1354.995	attention
1358.60515	1.0	1354.995	attention
1358.6114	1.0	1354.995	attention
1358.75145	1.0	1354.995	attention
1358.75455	1.0	1354.995	attention
1358.75755	1.0	1354.995	attention
1358.76265	1.0	1354.995	attention
1358.78615	1.0	1354.995	attention
1358.79245	0.0	1354.995	attention
1358.79355	0.0	1354.995	attention
1358.79475	0.0	1354.995	attention
1358.7958	0.0	1354.995	attention
1358.8263	1.0	1354.995	attention
1358.8322	1.0	1354.995	attention
1358.9699	1.0	1354.995	attention
1358.97295	1.0	1354.995	attention
1358.98045	1.0	1354.995	attention
1359.01045	0.0	1354.995	attention
1359.01295	0.0	1354.995	attention
1359.01415	0.0	1354.995	attention
1359.0447	1.0	1354.995	attention
1359.05425	1.0	1354.995	attention
1359.24015	1.0	1354.995	attention
1359.2434	1.0	1354.995	attention
1359.2462	1.0	1354.995	attention
1359.28205	0.0	1354.995	attention
1359.2831	0.0	1354.995	attention
1359.28425	0.0	1354.995	attention
1359.28525	0.0	1354.995	attention
1359.3057	1.0	1354.995	attention
1359.3177	1.0	1354.995	attention
1360.51095	1.0	1354.995	attention
1360.51405	1.0	1354.995	attention
1360.57965	1.0	1354.995	attention
1360.5972	1.0	1354.995	attention
1360.6037	1.0	1354.995	attention
1360.7586	1.0	1354.995	attention
1360.7617	1.0	1354.995	attention
1360.7707	1.0	1354.995	attention
1360.82635	0.0	1354.995	attention
1360.8406	1.0	1354.995	attention
1360.8873	0.0	1354.995	attention
1360.8883	0.0	1354.995	attention
1360.88945	0.0	1354.995	attention
1360.8906	0.0	1354.995	attention
1360.8918	0.0	1354.995	attention
1360.893	0.0	1354.995	attention
1360.991	1.0	1354.995	attention
1360.99405	1.0	1354.995	attention
1360.9966	1.0	1354.995	attention
1361.03025	0.0	1354.995	attention
1361.03135	0.0	1354.995	attention
1361.03235	0.0	1354.995	attention
1361.03365	0.0	1354.995	attention
1361.03485	0.0	1354.995	attention
1361.0616	1.0	1354.995	attention
1361.07	1.0	1354.995	attention
1361.0774	1.0	1354.995	attention
1361.1251	0.0	1354.995	attention
1361.127	0.0	1354.995	attention
1361.2194	0.0	1354.995	attention
1361.2225	1.0	1354.995	attention
1361.2255	0.0	1354.995	attention
1361.25925	0.0	1354.995	attention
1361.26025	0.0	1354.995	attention
1361.2613	0.0	1354.995	attention
1361.26235	0.0	1354.995	attention
1361.29535	1.0	1354.995	attention
1361.3055	1.0	1354.995	attention
1361.4648	1.0	1354.995	attention
1361.46785	1.0	1354.995	attention
1361.4707	1.0	1354.995	attention
1361.54525	1.0	1354.995	attention
1361.55565	1.0	1354.995	attention
1361.5956	0.0	1354.995	attention
1361.59705	0.0	1354.995	attention
1361.5986	0.0	1354.995	attention
1361.6004	0.0	1354.995	attention
1361.602	0.0	1354.995	attention
1362.8509	1.0	1354.995	attention
1362.85435	1.0	1354.995	attention
1362.91345	1.0	1354.995	attention
1362.92745	1.0	1354.995	attention
1362.9342	1.0	1354.995	attention
1363.09825	1.0	1354.995	attention
1363.1014	1.0	1354.995	attention
1363.10455	1.0	1354.995	attention
1363.16295	1.0	1354.995	attention
1363.1696	0.0	1354.995	attention
1363.17845	1.0	1354.995	attention
1363.1845	1.0	1354.995	attention
1363.2249	0.0	1354.995	attention
1363.2261	0.0	1354.995	attention
1363.22715	0.0	1354.995	attention
1363.229	0.0	1354.995	attention
1363.23035	0.0	1354.995	attention
1363.23135	0.0	1354.995	attention
1363.3244	1.0	1354.995	attention
1363.32745	1.0	1354.995	attention
1363.33015	1.0	1354.995	attention
1363.36535	0.0	1354.995	attention
1363.36675	0.0	1354.995	attention
1363.36835	0.0	1354.995	attention
1363.3939	1.0	1354.995	attention
1363.4044	1.0	1354.995	attention
1363.5515	0.0	1354.995	attention
1363.55455	1.0	1354.995	attention
1363.59045	0.0	1354.995	attention
1363.5918	0.0	1354.995	attention
1363.59295	0.0	1354.995	attention
1363.5962	0.0	1354.995	attention
1363.5973	0.0	1354.995	attention
1363.59905	0.0	1354.995	attention
1363.6245	1.0	1354.995	attention
1363.63415	1.0	1354.995	attention
1363.80655	1.0	1354.995	attention
1363.80965	1.0	1354.995	attention
1363.81265	1.0	1354.995	attention
1363.8763	0.0	1354.995	attention
1363.8873	1.0	1354.995	attention
1363.9336	0.0	1354.995	attention
1363.93515	0.0	1354.995	attention
1363.93615	0.0	1354.995	attention
1363.9374	0.0	1354.995	attention
1363.9385	0.0	1354.995	attention
1363.9396	0.0	1354.995	attention
1365.30555	1.0	1354.995	attention
1365.3088	1.0	1354.995	attention
1365.3115	1.0	1354.995	attention
1365.37795	1.0	1354.995	attention
1365.3858	1.0	1354.995	attention
1365.3931	1.0	1354.995	attention
1365.5593	1.0	1354.995	attention
1365.56235	1.0	1354.995	attention
1365.565	1.0	1354.995	attention
1365.6189	0.0	1354.995	attention
1365.63625	1.0	1354.995	attention
1365.6455	1.0	1354.995	attention
1365.7776	1.0	1354.995	attention
1365.7807	1.0	1354.995	attention
1365.7835	1.0	1354.995	attention
1365.81955	0.0	1354.995	attention
1365.82105	0.0	1354.995	attention
1365.8527	1.0	1354.995	attention
1365.86585	1.0	1354.995	attention
