 	spike markers	 	 
Time	Value	Cmt Time	Cmt Text
s	V	s	 
0.026	1.0	 	 
1.6463	1.0	 	 
1.98525	1.0	 	 
2.2362	1.0	 	 
2.9712	1.0	 	 
3.2892	1.0	 	 
3.53365	1.0	 	 
3.8764	1.0	 	 
4.13585	1.0	 	 
4.8707	1.0	 	 
5.03165	1.0	5.0161	Calming
5.47055	1.0	5.0161	Calming
5.8257	1.0	5.0161	Calming
6.1731	1.0	5.0161	Calming
6.72955	1.0	5.0161	Calming
6.7729	1.0	5.0161	Calming
6.89155	1.0	5.0161	Calming
7.0699	1.0	5.0161	Calming
7.20955	1.0	5.0161	Calming
7.27065	1.0	5.0161	Calming
7.33065	1.0	5.0161	Calming
7.37015	1.0	5.0161	Calming
7.83225	1.0	5.0161	Calming
8.42715	1.0	5.0161	Calming
9.8099	1.0	5.0161	Calming
9.8918	1.0	5.0161	Calming
9.98975	1.0	5.0161	Calming
10.2779	1.0	5.0161	Calming
10.3742	1.0	5.0161	Calming
10.4116	1.0	5.0161	Calming
10.45285	1.0	5.0161	Calming
10.73705	1.0	5.0161	Calming
10.8544	1.0	5.0161	Calming
12.7541	1.0	5.0161	Calming
13.192	1.0	5.0161	Calming
13.27705	1.0	5.0161	Calming
13.35365	1.0	5.0161	Calming
13.43805	1.0	5.0161	Calming
13.55725	1.0	5.0161	Calming
13.651	1.0	5.0161	Calming
13.79055	1.0	5.0161	Calming
13.897	1.0	5.0161	Calming
15.07515	1.0	5.0161	Calming
17.3003	1.0	5.0161	Calming
18.15485	1.0	5.0161	Calming
22.422	1.0	21.5548	Love
23.08245	1.0	21.5548	Love
23.26635	1.0	21.5548	Love
23.41955	1.0	21.5548	Love
23.48155	1.0	21.5548	Love
23.61895	1.0	21.5548	Love
23.6775	1.0	21.5548	Love
23.80515	1.0	21.5548	Love
23.91925	1.0	21.5548	Love
24.5224	1.0	21.5548	Love
25.0993	1.0	21.5548	Love
25.24	1.0	21.5548	Love
25.31975	1.0	21.5548	Love
25.3866	1.0	21.5548	Love
25.68175	1.0	21.5548	Love
26.1593	1.0	21.5548	Love
26.32135	1.0	21.5548	Love
26.4791	1.0	21.5548	Love
27.52365	1.0	21.5548	Love
27.6793	1.0	21.5548	Love
28.18045	1.0	21.5548	Love
28.6442	1.0	21.5548	Love
29.0688	1.0	21.5548	Love
29.22995	1.0	21.5548	Love
29.28065	1.0	21.5548	Love
29.3205	1.0	21.5548	Love
29.7027	1.0	21.5548	Love
30.20755	1.0	21.5548	Love
32.0237	1.0	21.5548	Love
32.2675	1.0	21.5548	Love
32.39145	1.0	21.5548	Love
32.4528	1.0	21.5548	Love
32.7104	1.0	21.5548	Love
32.90605	1.0	21.5548	Love
33.59195	1.0	21.5548	Love
35.3309	1.0	21.5548	Love
35.95115	1.0	21.5548	Love
37.6939	1.0	21.5548	Love
38.19595	1.0	21.5548	Love
40.0181	1.0	38.4541	Gratitude
40.07555	1.0	38.4541	Gratitude
40.1126	1.0	38.4541	Gratitude
40.1562	1.0	38.4541	Gratitude
40.19165	1.0	38.4541	Gratitude
40.25605	1.0	38.4541	Gratitude
40.3101	1.0	38.4541	Gratitude
41.01145	1.0	38.4541	Gratitude
41.38005	1.0	38.4541	Gratitude
42.33695	1.0	38.4541	Gratitude
42.41875	1.0	38.4541	Gratitude
42.45605	1.0	38.4541	Gratitude
42.4931	1.0	38.4541	Gratitude
42.59635	1.0	38.4541	Gratitude
42.6749	1.0	38.4541	Gratitude
42.7196	1.0	38.4541	Gratitude
42.7542	1.0	38.4541	Gratitude
42.96	1.0	38.4541	Gratitude
43.61515	1.0	38.4541	Gratitude
43.7022	1.0	38.4541	Gratitude
43.79475	1.0	38.4541	Gratitude
44.5762	1.0	38.4541	Gratitude
44.9006	1.0	38.4541	Gratitude
44.9387	1.0	38.4541	Gratitude
45.10165	1.0	38.4541	Gratitude
45.27655	1.0	38.4541	Gratitude
46.51655	1.0	38.4541	Gratitude
46.54215	1.0	38.4541	Gratitude
46.6212	1.0	38.4541	Gratitude
46.7253	1.0	38.4541	Gratitude
47.2001	1.0	38.4541	Gratitude
47.80495	1.0	38.4541	Gratitude
47.86295	1.0	38.4541	Gratitude
47.9042	1.0	38.4541	Gratitude
47.9662	1.0	38.4541	Gratitude
48.02555	1.0	38.4541	Gratitude
48.0601	1.0	38.4541	Gratitude
48.1231	1.0	38.4541	Gratitude
48.16035	1.0	38.4541	Gratitude
48.25775	1.0	38.4541	Gratitude
48.46155	1.0	38.4541	Gratitude
48.6581	1.0	38.4541	Gratitude
48.76215	1.0	38.4541	Gratitude
48.7816	1.0	38.4541	Gratitude
48.86495	1.0	38.4541	Gratitude
48.90285	1.0	38.4541	Gratitude
48.98625	1.0	38.4541	Gratitude
49.04055	1.0	38.4541	Gratitude
49.06425	1.0	38.4541	Gratitude
49.1178	1.0	38.4541	Gratitude
49.28625	1.0	38.4541	Gratitude
49.32545	1.0	38.4541	Gratitude
49.3423	1.0	38.4541	Gratitude
49.35915	1.0	38.4541	Gratitude
49.48795	1.0	38.4541	Gratitude
49.60045	1.0	38.4541	Gratitude
49.64575	1.0	38.4541	Gratitude
49.7252	1.0	38.4541	Gratitude
49.94755	1.0	38.4541	Gratitude
50.08585	1.0	38.4541	Gratitude
50.30575	1.0	38.4541	Gratitude
50.4985	1.0	38.4541	Gratitude
51.20815	1.0	38.4541	Gratitude
52.10285	1.0	38.4541	Gratitude
54.54375	1.0	38.4541	Gratitude
105.07355	1.0	 	 
105.4947	1.0	 	 
105.739	1.0	 	 
106.0132	1.0	 	 
106.5604	1.0	 	 
106.73295	1.0	 	 
107.315	1.0	 	 
107.5954	1.0	 	 
107.75725	1.0	 	 
108.1351	1.0	108.1191	Attention
108.959	1.0	108.1191	Attention
109.4934	1.0	108.1191	Attention
109.7228	1.0	108.1191	Attention
109.8928	1.0	108.1191	Attention
110.0072	1.0	108.1191	Attention
110.0837	1.0	108.1191	Attention
110.2942	1.0	108.1191	Attention
110.8804	1.0	108.1191	Attention
111.6182	1.0	108.1191	Attention
111.71985	1.0	108.1191	Attention
111.8349	1.0	108.1191	Attention
111.8383	1.0	108.1191	Attention
111.8409	1.0	108.1191	Attention
112.05765	1.0	108.1191	Attention
112.2189	1.0	108.1191	Attention
112.2221	1.0	108.1191	Attention
112.42555	0.0	108.1191	Attention
113.30585	1.0	108.1191	Attention
114.06485	1.0	108.1191	Attention
114.17995	1.0	108.1191	Attention
114.28025	1.0	108.1191	Attention
114.2835	1.0	108.1191	Attention
114.2868	1.0	108.1191	Attention
114.3847	1.0	108.1191	Attention
114.78775	1.0	108.1191	Attention
114.8817	1.0	108.1191	Attention
115.0871	1.0	108.1191	Attention
116.46745	1.0	108.1191	Attention
116.58	1.0	108.1191	Attention
116.704	1.0	108.1191	Attention
116.80175	1.0	108.1191	Attention
116.90085	1.0	108.1191	Attention
116.904	1.0	108.1191	Attention
117.1056	1.0	108.1191	Attention
117.30625	1.0	108.1191	Attention
118.73185	1.0	108.1191	Attention
120.1031	1.0	108.1191	Attention
120.7283	1.0	108.1191	Attention
121.4494	0.0	108.1191	Attention
122.3362	1.0	108.1191	Attention
122.85395	1.0	108.1191	Attention
125.2739	1.0	108.1191	Attention
126.1584	1.0	108.1191	Attention
126.67675	1.0	108.1191	Attention
126.9583	1.0	108.1191	Attention
127.298	1.0	108.1191	Attention
127.58085	1.0	108.1191	Attention
127.7205	1.0	108.1191	Attention
128.69775	1.0	108.1191	Attention
129.2435	1.0	129.1101	Happiness
129.6595	1.0	129.1101	Happiness
129.8758	1.0	129.1101	Happiness
130.0609	1.0	129.1101	Happiness
130.1969	1.0	129.1101	Happiness
130.27545	1.0	129.1101	Happiness
130.44125	1.0	129.1101	Happiness
130.6823	1.0	129.1101	Happiness
130.78335	1.0	129.1101	Happiness
130.8189	1.0	129.1101	Happiness
130.84485	1.0	129.1101	Happiness
130.95665	1.0	129.1101	Happiness
130.96305	1.0	129.1101	Happiness
131.1236	1.0	129.1101	Happiness
131.90095	1.0	129.1101	Happiness
132.14	1.0	129.1101	Happiness
132.16245	1.0	129.1101	Happiness
132.43855	1.0	129.1101	Happiness
132.5407	1.0	129.1101	Happiness
132.6855	1.0	129.1101	Happiness
132.7652	1.0	129.1101	Happiness
132.8195	1.0	129.1101	Happiness
133.439	1.0	129.1101	Happiness
133.45995	1.0	129.1101	Happiness
133.6054	1.0	129.1101	Happiness
133.7201	1.0	129.1101	Happiness
133.76	1.0	129.1101	Happiness
133.8065	1.0	129.1101	Happiness
133.8457	1.0	129.1101	Happiness
134.0099	1.0	129.1101	Happiness
134.1268	1.0	129.1101	Happiness
134.2853	1.0	129.1101	Happiness
135.04715	1.0	129.1101	Happiness
135.2257	1.0	129.1101	Happiness
135.3854	1.0	129.1101	Happiness
135.43125	1.0	129.1101	Happiness
135.5187	1.0	129.1101	Happiness
135.7036	1.0	129.1101	Happiness
135.9883	1.0	129.1101	Happiness
136.0259	1.0	129.1101	Happiness
136.92875	1.0	129.1101	Happiness
137.1886	1.0	129.1101	Happiness
137.2667	1.0	129.1101	Happiness
137.40665	1.0	129.1101	Happiness
137.5231	1.0	129.1101	Happiness
138.0273	1.0	129.1101	Happiness
138.07	1.0	129.1101	Happiness
138.8687	1.0	129.1101	Happiness
139.008	1.0	129.1101	Happiness
139.05265	1.0	129.1101	Happiness
139.09045	1.0	129.1101	Happiness
139.5707	1.0	129.1101	Happiness
139.6098	1.0	129.1101	Happiness
140.6512	1.0	129.1101	Happiness
140.8929	1.0	129.1101	Happiness
141.35575	1.0	129.1101	Happiness
141.8313	1.0	129.1101	Happiness
142.0525	1.0	129.1101	Happiness
142.51505	1.0	129.1101	Happiness
142.87015	1.0	129.1101	Happiness
143.67115	1.0	129.1101	Happiness
144.0742	1.0	129.1101	Happiness
144.3973	1.0	129.1101	Happiness
144.7408	1.0	129.1101	Happiness
144.91985	1.0	129.1101	Happiness
145.1943	1.0	129.1101	Happiness
145.3381	1.0	129.1101	Happiness
145.9391	1.0	145.8291	Sadness
146.6192	1.0	145.8291	Sadness
146.80335	1.0	145.8291	Sadness
146.99465	1.0	145.8291	Sadness
147.2162	1.0	145.8291	Sadness
147.3847	1.0	145.8291	Sadness
147.50105	1.0	145.8291	Sadness
147.5585	1.0	145.8291	Sadness
147.6021	1.0	145.8291	Sadness
147.6392	1.0	145.8291	Sadness
147.7749	1.0	145.8291	Sadness
147.81595	1.0	145.8291	Sadness
147.85985	1.0	145.8291	Sadness
147.9041	1.0	145.8291	Sadness
147.9415	1.0	145.8291	Sadness
147.9812	1.0	145.8291	Sadness
148.016	1.0	145.8291	Sadness
148.1369	1.0	145.8291	Sadness
148.17835	1.0	145.8291	Sadness
148.26335	1.0	145.8291	Sadness
148.3602	1.0	145.8291	Sadness
148.51945	1.0	145.8291	Sadness
148.5643	1.0	145.8291	Sadness
148.6632	1.0	145.8291	Sadness
148.7035	1.0	145.8291	Sadness
148.8456	1.0	145.8291	Sadness
149.2878	1.0	145.8291	Sadness
149.39785	1.0	145.8291	Sadness
149.50605	1.0	145.8291	Sadness
149.60425	1.0	145.8291	Sadness
149.6621	1.0	145.8291	Sadness
149.7227	1.0	145.8291	Sadness
149.9432	1.0	145.8291	Sadness
150.1804	1.0	145.8291	Sadness
150.3441	1.0	145.8291	Sadness
150.3997	1.0	145.8291	Sadness
150.4477	1.0	145.8291	Sadness
150.56285	1.0	145.8291	Sadness
150.6595	1.0	145.8291	Sadness
150.7074	1.0	145.8291	Sadness
150.8686	1.0	145.8291	Sadness
150.92405	1.0	145.8291	Sadness
151.0265	1.0	145.8291	Sadness
151.1413	1.0	145.8291	Sadness
151.18635	1.0	145.8291	Sadness
151.2889	1.0	145.8291	Sadness
151.90055	1.0	145.8291	Sadness
154.0029	1.0	145.8291	Sadness
154.51065	1.0	145.8291	Sadness
154.68565	1.0	145.8291	Sadness
154.74835	1.0	145.8291	Sadness
155.07315	1.0	145.8291	Sadness
155.14415	1.0	145.8291	Sadness
155.548	1.0	145.8291	Sadness
155.6713	1.0	145.8291	Sadness
155.73015	1.0	145.8291	Sadness
155.873	1.0	145.8291	Sadness
156.00725	1.0	145.8291	Sadness
156.0919	1.0	145.8291	Sadness
156.371	1.0	145.8291	Sadness
156.4259	1.0	145.8291	Sadness
156.48935	1.0	145.8291	Sadness
164.77975	1.0	163.293	Sadness
164.8424	1.0	163.293	Sadness
164.9383	1.0	163.293	Sadness
165.07675	1.0	163.293	Sadness
165.4018	1.0	163.293	Sadness
165.5201	1.0	163.293	Sadness
165.6776	1.0	163.293	Sadness
165.95975	1.0	163.293	Sadness
166.06235	1.0	163.293	Sadness
166.3347	1.0	163.293	Sadness
166.5162	1.0	163.293	Sadness
166.6829	1.0	163.293	Sadness
166.915	1.0	163.293	Sadness
167.31975	1.0	163.293	Sadness
167.44065	1.0	163.293	Sadness
167.89725	1.0	163.293	Sadness
168.23455	1.0	163.293	Sadness
168.4776	1.0	163.293	Sadness
168.55725	1.0	163.293	Sadness
168.72165	1.0	163.293	Sadness
168.877	1.0	163.293	Sadness
168.961	1.0	163.293	Sadness
170.33735	1.0	163.293	Sadness
170.46525	1.0	163.293	Sadness
170.6363	1.0	163.293	Sadness
170.6809	1.0	163.293	Sadness
170.7181	1.0	163.293	Sadness
170.76415	1.0	163.293	Sadness
170.8352	1.0	163.293	Sadness
170.858	1.0	163.293	Sadness
170.8831	1.0	163.293	Sadness
170.936	1.0	163.293	Sadness
170.9862	1.0	163.293	Sadness
171.0758	1.0	163.293	Sadness
171.18535	1.0	163.293	Sadness
171.23615	1.0	163.293	Sadness
171.4784	1.0	163.293	Sadness
171.6378	1.0	163.293	Sadness
171.80145	1.0	163.293	Sadness
171.90375	1.0	163.293	Sadness
171.9563	1.0	163.293	Sadness
172.07895	1.0	163.293	Sadness
172.1806	1.0	163.293	Sadness
172.24355	1.0	163.293	Sadness
172.2993	1.0	163.293	Sadness
172.58675	1.0	163.293	Sadness
172.64385	1.0	163.293	Sadness
172.74645	1.0	163.293	Sadness
172.79965	1.0	163.293	Sadness
172.93855	1.0	163.293	Sadness
173.0242	1.0	163.293	Sadness
173.1175	1.0	163.293	Sadness
173.22505	1.0	163.293	Sadness
173.2769	1.0	163.293	Sadness
173.32105	1.0	163.293	Sadness
173.35915	1.0	163.293	Sadness
173.46015	1.0	163.293	Sadness
173.5174	1.0	163.293	Sadness
173.5819	1.0	163.293	Sadness
173.64155	1.0	163.293	Sadness
173.70095	1.0	163.293	Sadness
173.86395	1.0	163.293	Sadness
181.5088	1.0	180.0111	Calming
181.56775	1.0	180.0111	Calming
182.42675	1.0	180.0111	Calming
182.7488	1.0	180.0111	Calming
182.98455	1.0	180.0111	Calming
183.2035	1.0	180.0111	Calming
183.38135	1.0	180.0111	Calming
185.1845	1.0	180.0111	Calming
186.507	1.0	180.0111	Calming
186.7634	1.0	180.0111	Calming
186.9295	1.0	180.0111	Calming
187.0922	1.0	180.0111	Calming
188.4082	1.0	180.0111	Calming
189.89275	1.0	180.0111	Calming
190.18825	1.0	180.0111	Calming
190.26645	1.0	180.0111	Calming
190.45035	1.0	180.0111	Calming
190.6043	1.0	180.0111	Calming
190.729	1.0	180.0111	Calming
199.01595	1.0	197.6615	Attention
199.21225	1.0	197.6615	Attention
199.21695	1.0	197.6615	Attention
199.81805	1.0	197.6615	Attention
201.3997	1.0	197.6615	Attention
201.6115	1.0	197.6615	Attention
202.0137	1.0	197.6615	Attention
202.0184	1.0	197.6615	Attention
202.2334	1.0	197.6615	Attention
203.87765	1.0	197.6615	Attention
204.09285	1.0	197.6615	Attention
204.514	1.0	197.6615	Attention
205.73965	1.0	197.6615	Attention
205.9812	1.0	197.6615	Attention
206.18325	1.0	197.6615	Attention
206.40145	1.0	197.6615	Attention
206.6167	1.0	197.6615	Attention
206.84295	1.0	197.6615	Attention
207.94485	1.0	197.6615	Attention
208.17525	1.0	197.6615	Attention
208.1853	1.0	197.6615	Attention
208.3787	1.0	197.6615	Attention
208.38325	1.0	197.6615	Attention
208.5987	1.0	197.6615	Attention
208.60295	1.0	197.6615	Attention
208.60555	1.0	197.6615	Attention
215.46655	1.0	214.0014	Love
215.5912	1.0	214.0014	Love
215.65065	1.0	214.0014	Love
216.01055	1.0	214.0014	Love
217.09	1.0	214.0014	Love
217.67295	1.0	214.0014	Love
218.0109	1.0	214.0014	Love
218.25145	1.0	214.0014	Love
218.469	1.0	214.0014	Love
219.8112	1.0	214.0014	Love
221.15305	1.0	214.0014	Love
221.28735	1.0	214.0014	Love
221.4077	1.0	214.0014	Love
221.87555	1.0	214.0014	Love
222.1314	1.0	214.0014	Love
223.5123	1.0	214.0014	Love
224.7975	1.0	214.0014	Love
224.8356	1.0	214.0014	Love
225.37485	1.0	214.0014	Love
225.73875	1.0	214.0014	Love
226.09165	1.0	214.0014	Love
226.4312	1.0	214.0014	Love
226.9362	1.0	214.0014	Love
230.3141	1.0	214.0014	Love
230.91865	1.0	214.0014	Love
232.1738	1.0	214.0014	Love
233.01495	1.0	232.2083	Happiness
233.34365	1.0	232.2083	Happiness
233.3836	1.0	232.2083	Happiness
233.68145	1.0	232.2083	Happiness
233.7966	1.0	232.2083	Happiness
233.9541	1.0	232.2083	Happiness
235.1777	1.0	232.2083	Happiness
235.3385	1.0	232.2083	Happiness
235.77475	1.0	232.2083	Happiness
236.45525	1.0	232.2083	Happiness
236.9348	1.0	232.2083	Happiness
237.03775	1.0	232.2083	Happiness
237.2428	1.0	232.2083	Happiness
238.1358	1.0	232.2083	Happiness
238.5537	1.0	232.2083	Happiness
238.66255	1.0	232.2083	Happiness
238.8742	1.0	232.2083	Happiness
239.20405	1.0	232.2083	Happiness
240.36335	1.0	232.2083	Happiness
240.4987	1.0	232.2083	Happiness
240.5417	1.0	232.2083	Happiness
241.3357	1.0	232.2083	Happiness
241.97905	1.0	232.2083	Happiness
242.418	1.0	232.2083	Happiness
242.52275	1.0	232.2083	Happiness
242.5742	1.0	232.2083	Happiness
243.3239	1.0	232.2083	Happiness
246.6195	1.0	232.2083	Happiness
247.4552	1.0	232.2083	Happiness
248.19535	1.0	232.2083	Happiness
248.75975	1.0	232.2083	Happiness
249.14	1.0	248.9354	Gratitude
249.60225	1.0	248.9354	Gratitude
250.01315	1.0	248.9354	Gratitude
250.0925	1.0	248.9354	Gratitude
250.1803	1.0	248.9354	Gratitude
250.23725	1.0	248.9354	Gratitude
250.2819	1.0	248.9354	Gratitude
250.35805	1.0	248.9354	Gratitude
250.4158	1.0	248.9354	Gratitude
250.98415	1.0	248.9354	Gratitude
251.65615	1.0	248.9354	Gratitude
252.12075	1.0	248.9354	Gratitude
252.55605	1.0	248.9354	Gratitude
252.9629	1.0	248.9354	Gratitude
252.99965	1.0	248.9354	Gratitude
253.0394	1.0	248.9354	Gratitude
253.0944	1.0	248.9354	Gratitude
253.5212	1.0	248.9354	Gratitude
253.55395	1.0	248.9354	Gratitude
253.61695	1.0	248.9354	Gratitude
253.74135	1.0	248.9354	Gratitude
253.91445	1.0	248.9354	Gratitude
253.9619	1.0	248.9354	Gratitude
255.0187	1.0	248.9354	Gratitude
255.07525	1.0	248.9354	Gratitude
255.3968	1.0	248.9354	Gratitude
255.9158	1.0	248.9354	Gratitude
256.0012	1.0	248.9354	Gratitude
256.12225	1.0	248.9354	Gratitude
256.3228	1.0	248.9354	Gratitude
256.3569	1.0	248.9354	Gratitude
256.54185	1.0	248.9354	Gratitude
257.0576	1.0	248.9354	Gratitude
257.0987	1.0	248.9354	Gratitude
257.20375	1.0	248.9354	Gratitude
257.3776	1.0	248.9354	Gratitude
257.5246	1.0	248.9354	Gratitude
258.1846	1.0	248.9354	Gratitude
258.324	1.0	248.9354	Gratitude
259.33945	1.0	248.9354	Gratitude
259.5581	1.0	248.9354	Gratitude
259.9435	1.0	248.9354	Gratitude
260.1765	1.0	248.9354	Gratitude
260.6015	1.0	248.9354	Gratitude
261.2389	1.0	248.9354	Gratitude
261.60565	1.0	248.9354	Gratitude
262.1256	1.0	248.9354	Gratitude
262.36035	1.0	248.9354	Gratitude
263.5447	1.0	248.9354	Gratitude
266.0215	1.0	248.9354	Gratitude
266.2988	1.0	248.9354	Gratitude
268.86065	1.0	267.3247	Attention
269.06185	1.0	267.3247	Attention
270.6471	1.0	267.3247	Attention
270.8859	1.0	267.3247	Attention
271.2994	1.0	267.3247	Attention
271.30425	1.0	267.3247	Attention
271.50465	1.0	267.3247	Attention
273.02055	1.0	267.3247	Attention
273.24795	1.0	267.3247	Attention
273.4624	1.0	267.3247	Attention
273.6624	1.0	267.3247	Attention
273.86765	1.0	267.3247	Attention
274.0898	1.0	267.3247	Attention
275.5845	1.0	267.3247	Attention
275.58835	1.0	267.3247	Attention
276.021	1.0	267.3247	Attention
276.0241	1.0	267.3247	Attention
276.22665	1.0	267.3247	Attention
276.4616	1.0	267.3247	Attention
277.6311	1.0	267.3247	Attention
277.86405	1.0	267.3247	Attention
277.86805	1.0	267.3247	Attention
280.05	1.0	267.3247	Attention
280.50725	1.0	267.3247	Attention
281.0876	1.0	267.3247	Attention
282.093	1.0	267.3247	Attention
284.10845	1.0	283.8511	Sadness
285.1082	1.0	283.8511	Sadness
285.4741	1.0	283.8511	Sadness
285.52805	1.0	283.8511	Sadness
285.79305	1.0	283.8511	Sadness
285.8756	1.0	283.8511	Sadness
286.27305	1.0	283.8511	Sadness
286.97605	1.0	283.8511	Sadness
287.05655	1.0	283.8511	Sadness
287.12815	1.0	283.8511	Sadness
287.19265	1.0	283.8511	Sadness
287.5954	1.0	283.8511	Sadness
287.67115	1.0	283.8511	Sadness
287.8318	1.0	283.8511	Sadness
287.89445	1.0	283.8511	Sadness
287.9704	1.0	283.8511	Sadness
288.2101	1.0	283.8511	Sadness
288.28925	1.0	283.8511	Sadness
288.4305	1.0	283.8511	Sadness
288.5734	1.0	283.8511	Sadness
288.7107	1.0	283.8511	Sadness
290.29915	1.0	283.8511	Sadness
290.5508	1.0	283.8511	Sadness
290.5928	1.0	283.8511	Sadness
290.6375	1.0	283.8511	Sadness
290.67165	1.0	283.8511	Sadness
290.6916	1.0	283.8511	Sadness
290.75105	1.0	283.8511	Sadness
290.79455	1.0	283.8511	Sadness
291.154	1.0	283.8511	Sadness
291.19375	1.0	283.8511	Sadness
291.25255	1.0	283.8511	Sadness
291.31455	1.0	283.8511	Sadness
291.59925	1.0	283.8511	Sadness
291.7005	1.0	283.8511	Sadness
291.75735	1.0	283.8511	Sadness
291.85885	1.0	283.8511	Sadness
291.95685	1.0	283.8511	Sadness
292.05695	1.0	283.8511	Sadness
292.11115	1.0	283.8511	Sadness
292.15765	1.0	283.8511	Sadness
292.2123	1.0	283.8511	Sadness
292.33385	1.0	283.8511	Sadness
292.4003	1.0	283.8511	Sadness
292.7965	1.0	283.8511	Sadness
292.99525	1.0	283.8511	Sadness
293.0516	1.0	283.8511	Sadness
293.29375	1.0	283.8511	Sadness
293.3599	1.0	283.8511	Sadness
293.5931	1.0	283.8511	Sadness
293.7735	1.0	283.8511	Sadness
293.837	1.0	283.8511	Sadness
293.89675	1.0	283.8511	Sadness
294.01955	1.0	283.8511	Sadness
294.09705	1.0	283.8511	Sadness
294.3768	1.0	283.8511	Sadness
294.45955	1.0	283.8511	Sadness
294.53425	1.0	283.8511	Sadness
301.68185	1.0	300.7546	Gratitude
301.73745	1.0	300.7546	Gratitude
301.8181	1.0	300.7546	Gratitude
301.86375	1.0	300.7546	Gratitude
301.9168	1.0	300.7546	Gratitude
302.1822	1.0	300.7546	Gratitude
302.23935	1.0	300.7546	Gratitude
302.3163	1.0	300.7546	Gratitude
302.35645	1.0	300.7546	Gratitude
302.45685	1.0	300.7546	Gratitude
303.101	1.0	300.7546	Gratitude
303.5047	1.0	300.7546	Gratitude
304.3581	1.0	300.7546	Gratitude
304.41905	1.0	300.7546	Gratitude
304.43695	1.0	300.7546	Gratitude
304.46765	1.0	300.7546	Gratitude
304.4798	1.0	300.7546	Gratitude
304.4975	1.0	300.7546	Gratitude
304.518	1.0	300.7546	Gratitude
304.56035	1.0	300.7546	Gratitude
304.8223	1.0	300.7546	Gratitude
305.04405	1.0	300.7546	Gratitude
305.459	1.0	300.7546	Gratitude
305.4861	1.0	300.7546	Gratitude
305.50465	1.0	300.7546	Gratitude
305.5865	1.0	300.7546	Gratitude
305.64335	1.0	300.7546	Gratitude
305.74585	1.0	300.7546	Gratitude
305.7823	1.0	300.7546	Gratitude
306.8633	1.0	300.7546	Gratitude
306.8998	1.0	300.7546	Gratitude
306.97925	1.0	300.7546	Gratitude
307.0223	1.0	300.7546	Gratitude
307.08155	1.0	300.7546	Gratitude
307.16105	1.0	300.7546	Gratitude
307.4218	1.0	300.7546	Gratitude
307.4483	1.0	300.7546	Gratitude
307.72535	1.0	300.7546	Gratitude
308.0069	1.0	300.7546	Gratitude
308.1646	1.0	300.7546	Gratitude
308.2034	1.0	300.7546	Gratitude
308.2633	1.0	300.7546	Gratitude
309.10575	1.0	300.7546	Gratitude
309.12005	1.0	300.7546	Gratitude
309.15755	1.0	300.7546	Gratitude
309.98415	1.0	300.7546	Gratitude
310.5697	1.0	300.7546	Gratitude
310.68165	1.0	300.7546	Gratitude
310.80095	1.0	300.7546	Gratitude
310.8495	1.0	300.7546	Gratitude
310.8702	1.0	300.7546	Gratitude
310.96455	1.0	300.7546	Gratitude
311.0031	1.0	300.7546	Gratitude
312.68965	1.0	300.7546	Gratitude
312.84715	1.0	300.7546	Gratitude
313.745	1.0	300.7546	Gratitude
314.64495	1.0	300.7546	Gratitude
315.14715	1.0	300.7546	Gratitude
315.5322	1.0	300.7546	Gratitude
316.57345	1.0	300.7546	Gratitude
318.5479	1.0	318.0351	Happiness
318.95055	1.0	318.0351	Happiness
319.41795	1.0	318.0351	Happiness
319.47645	1.0	318.0351	Happiness
319.6476	1.0	318.0351	Happiness
319.752	1.0	318.0351	Happiness
319.8119	1.0	318.0351	Happiness
320.49155	1.0	318.0351	Happiness
320.71835	1.0	318.0351	Happiness
320.89045	1.0	318.0351	Happiness
321.01065	1.0	318.0351	Happiness
321.19775	1.0	318.0351	Happiness
321.5079	1.0	318.0351	Happiness
322.3138	1.0	318.0351	Happiness
322.6541	1.0	318.0351	Happiness
322.9983	1.0	318.0351	Happiness
323.13175	1.0	318.0351	Happiness
324.6125	1.0	318.0351	Happiness
324.65285	1.0	318.0351	Happiness
325.432	1.0	318.0351	Happiness
325.8546	1.0	318.0351	Happiness
326.13385	1.0	318.0351	Happiness
326.1703	1.0	318.0351	Happiness
326.58025	1.0	318.0351	Happiness
326.69805	1.0	318.0351	Happiness
327.2537	1.0	318.0351	Happiness
327.3931	1.0	318.0351	Happiness
327.5339	1.0	318.0351	Happiness
327.6905	1.0	318.0351	Happiness
327.7315	1.0	318.0351	Happiness
328.0173	1.0	318.0351	Happiness
328.3331	1.0	318.0351	Happiness
328.47125	1.0	318.0351	Happiness
328.6186	1.0	318.0351	Happiness
332.47125	1.0	318.0351	Happiness
332.63765	1.0	318.0351	Happiness
332.79485	1.0	318.0351	Happiness
333.17655	1.0	318.0351	Happiness
333.89245	1.0	318.0351	Happiness
334.19285	1.0	334.0122	Calming
334.35295	1.0	334.0122	Calming
334.5801	1.0	334.0122	Calming
335.1542	1.0	334.0122	Calming
335.4113	1.0	334.0122	Calming
335.4563	1.0	334.0122	Calming
335.49765	1.0	334.0122	Calming
335.556	1.0	334.0122	Calming
335.99615	1.0	334.0122	Calming
336.57445	1.0	334.0122	Calming
336.7723	1.0	334.0122	Calming
338.21435	1.0	334.0122	Calming
338.39475	1.0	334.0122	Calming
338.4909	1.0	334.0122	Calming
338.5324	1.0	334.0122	Calming
338.9121	1.0	334.0122	Calming
339.27045	1.0	334.0122	Calming
339.41775	1.0	334.0122	Calming
339.4955	1.0	334.0122	Calming
339.8965	1.0	334.0122	Calming
341.5104	1.0	334.0122	Calming
341.55255	1.0	334.0122	Calming
341.6506	1.0	334.0122	Calming
341.6969	1.0	334.0122	Calming
342.358	1.0	334.0122	Calming
342.5526	1.0	334.0122	Calming
343.63295	1.0	334.0122	Calming
343.7326	1.0	334.0122	Calming
343.91445	1.0	334.0122	Calming
344.53325	1.0	334.0122	Calming
344.7987	1.0	334.0122	Calming
344.99105	1.0	334.0122	Calming
345.7913	1.0	334.0122	Calming
346.23255	1.0	334.0122	Calming
346.79465	1.0	334.0122	Calming
346.95725	1.0	334.0122	Calming
347.27455	1.0	334.0122	Calming
348.33545	1.0	334.0122	Calming
348.97695	1.0	334.0122	Calming
349.75355	1.0	334.0122	Calming
349.93345	1.0	334.0122	Calming
350.19305	1.0	334.0122	Calming
350.3749	1.0	334.0122	Calming
350.83785	1.0	350.5468	Love
351.0147	1.0	350.5468	Love
351.33815	1.0	350.5468	Love
351.6544	1.0	350.5468	Love
351.75815	1.0	350.5468	Love
351.7931	1.0	350.5468	Love
351.95505	1.0	350.5468	Love
352.2772	1.0	350.5468	Love
352.3114	1.0	350.5468	Love
352.53845	1.0	350.5468	Love
352.73445	1.0	350.5468	Love
353.53565	1.0	350.5468	Love
353.73245	1.0	350.5468	Love
353.8186	1.0	350.5468	Love
354.116	1.0	350.5468	Love
354.19895	1.0	350.5468	Love
354.35785	1.0	350.5468	Love
354.5011	1.0	350.5468	Love
354.83475	1.0	350.5468	Love
355.175	1.0	350.5468	Love
355.4988	1.0	350.5468	Love
355.8125	1.0	350.5468	Love
355.99345	1.0	350.5468	Love
356.69765	1.0	350.5468	Love
356.9003	1.0	350.5468	Love
357.34315	1.0	350.5468	Love
358.1564	1.0	350.5468	Love
358.8005	1.0	350.5468	Love
358.9984	1.0	350.5468	Love
359.2177	1.0	350.5468	Love
359.45635	1.0	350.5468	Love
359.59375	1.0	350.5468	Love
359.6608	1.0	350.5468	Love
359.76135	1.0	350.5468	Love
359.9619	1.0	350.5468	Love
360.16085	1.0	350.5468	Love
360.38195	1.0	350.5468	Love
362.4364	1.0	350.5468	Love
364.51725	1.0	350.5468	Love
415.3804	1.0	 	 
415.5464	1.0	 	 
415.68465	1.0	 	 
415.9641	1.0	 	 
416.96415	1.0	 	 
417.42305	1.0	 	 
417.7253	1.0	 	 
417.946	1.0	417.8454	Gratitude
418.1231	1.0	417.8454	Gratitude
418.32265	1.0	417.8454	Gratitude
418.62745	1.0	417.8454	Gratitude
418.73125	1.0	417.8454	Gratitude
418.8489	1.0	417.8454	Gratitude
419.0275	1.0	417.8454	Gratitude
419.1297	1.0	417.8454	Gratitude
419.1648	1.0	417.8454	Gratitude
419.2528	1.0	417.8454	Gratitude
419.37105	1.0	417.8454	Gratitude
419.9648	1.0	417.8454	Gratitude
420.08795	1.0	417.8454	Gratitude
420.22535	1.0	417.8454	Gratitude
420.28885	1.0	417.8454	Gratitude
420.4877	1.0	417.8454	Gratitude
420.51215	1.0	417.8454	Gratitude
420.5475	1.0	417.8454	Gratitude
420.65215	1.0	417.8454	Gratitude
420.9702	1.0	417.8454	Gratitude
421.4083	1.0	417.8454	Gratitude
421.4711	1.0	417.8454	Gratitude
421.5083	1.0	417.8454	Gratitude
421.5309	1.0	417.8454	Gratitude
421.585	1.0	417.8454	Gratitude
421.61025	1.0	417.8454	Gratitude
421.6312	1.0	417.8454	Gratitude
421.65385	1.0	417.8454	Gratitude
421.70705	1.0	417.8454	Gratitude
421.96575	1.0	417.8454	Gratitude
422.3449	1.0	417.8454	Gratitude
423.1299	1.0	417.8454	Gratitude
423.5729	1.0	417.8454	Gratitude
423.8895	1.0	417.8454	Gratitude
424.1694	1.0	417.8454	Gratitude
424.633	1.0	417.8454	Gratitude
424.71145	1.0	417.8454	Gratitude
424.9322	1.0	417.8454	Gratitude
425.0957	1.0	417.8454	Gratitude
425.89375	1.0	417.8454	Gratitude
425.9103	1.0	417.8454	Gratitude
426.2738	1.0	417.8454	Gratitude
426.85285	1.0	417.8454	Gratitude
427.47165	1.0	417.8454	Gratitude
427.5298	1.0	417.8454	Gratitude
427.6177	1.0	417.8454	Gratitude
428.0518	1.0	417.8454	Gratitude
428.511	1.0	417.8454	Gratitude
428.5712	1.0	417.8454	Gratitude
428.91155	1.0	417.8454	Gratitude
431.21325	1.0	417.8454	Gratitude
433.1346	1.0	417.8454	Gratitude
434.7321	1.0	417.8454	Gratitude
505.1064	1.0	 	 
505.4047	1.0	 	 
505.5782	1.0	 	 
505.75785	1.0	 	 
505.96585	1.0	 	 
506.32025	1.0	 	 
506.50735	1.0	 	 
506.6245	1.0	 	 
506.88855	1.0	 	 
507.168	1.0	 	 
507.32665	1.0	 	 
507.5609	1.0	 	 
507.84595	1.0	 	 
507.9672	1.0	 	 
508.71025	1.0	 	 
509.24695	1.0	508.8737	Sadness
509.6618	1.0	508.8737	Sadness
509.91005	1.0	508.8737	Sadness
509.9315	1.0	508.8737	Sadness
509.9708	1.0	508.8737	Sadness
510.10675	1.0	508.8737	Sadness
510.1693	1.0	508.8737	Sadness
510.2499	1.0	508.8737	Sadness
510.29265	1.0	508.8737	Sadness
510.3052	1.0	508.8737	Sadness
510.3243	1.0	508.8737	Sadness
510.48735	1.0	508.8737	Sadness
510.75145	1.0	508.8737	Sadness
510.80555	1.0	508.8737	Sadness
510.86175	1.0	508.8737	Sadness
510.92605	1.0	508.8737	Sadness
510.9882	1.0	508.8737	Sadness
511.0448	1.0	508.8737	Sadness
511.1074	1.0	508.8737	Sadness
511.16475	1.0	508.8737	Sadness
511.2293	1.0	508.8737	Sadness
511.44415	1.0	508.8737	Sadness
511.5492	1.0	508.8737	Sadness
511.6036	1.0	508.8737	Sadness
511.66505	1.0	508.8737	Sadness
511.7257	1.0	508.8737	Sadness
511.78345	1.0	508.8737	Sadness
511.90615	1.0	508.8737	Sadness
512.03055	1.0	508.8737	Sadness
512.08895	1.0	508.8737	Sadness
512.14475	1.0	508.8737	Sadness
512.3677	1.0	508.8737	Sadness
512.5436	1.0	508.8737	Sadness
512.6102	1.0	508.8737	Sadness
512.7879	1.0	508.8737	Sadness
512.85175	1.0	508.8737	Sadness
512.9107	1.0	508.8737	Sadness
512.96735	1.0	508.8737	Sadness
513.0259	1.0	508.8737	Sadness
513.1482	1.0	508.8737	Sadness
513.2094	1.0	508.8737	Sadness
513.4641	1.0	508.8737	Sadness
513.5444	1.0	508.8737	Sadness
515.21115	1.0	508.8737	Sadness
515.34895	1.0	508.8737	Sadness
515.4439	1.0	508.8737	Sadness
515.53335	1.0	508.8737	Sadness
515.5675	1.0	508.8737	Sadness
515.78845	1.0	508.8737	Sadness
515.82985	1.0	508.8737	Sadness
515.872	1.0	508.8737	Sadness
515.90755	1.0	508.8737	Sadness
515.95225	1.0	508.8737	Sadness
516.0466	1.0	508.8737	Sadness
516.0887	1.0	508.8737	Sadness
516.22895	1.0	508.8737	Sadness
516.3233	1.0	508.8737	Sadness
516.37235	1.0	508.8737	Sadness
516.4486	1.0	508.8737	Sadness
516.61435	1.0	508.8737	Sadness
516.75465	1.0	508.8737	Sadness
516.88855	1.0	508.8737	Sadness
516.9837	1.0	508.8737	Sadness
517.0925	1.0	508.8737	Sadness
517.14945	1.0	508.8737	Sadness
517.3076	1.0	508.8737	Sadness
517.368	1.0	508.8737	Sadness
517.4261	1.0	508.8737	Sadness
517.487	1.0	508.8737	Sadness
517.55085	1.0	508.8737	Sadness
517.60695	1.0	508.8737	Sadness
517.6742	1.0	508.8737	Sadness
517.72835	1.0	508.8737	Sadness
517.8703	1.0	508.8737	Sadness
517.97035	1.0	508.8737	Sadness
518.0831	1.0	508.8737	Sadness
518.13365	1.0	508.8737	Sadness
518.26445	1.0	508.8737	Sadness
518.3138	1.0	508.8737	Sadness
518.41445	1.0	508.8737	Sadness
518.4713	1.0	508.8737	Sadness
518.5252	0.0	508.8737	Sadness
518.6639	1.0	508.8737	Sadness
518.76835	1.0	508.8737	Sadness
518.92165	1.0	508.8737	Sadness
518.97695	1.0	508.8737	Sadness
519.02005	1.0	508.8737	Sadness
519.06235	1.0	508.8737	Sadness
519.11305	1.0	508.8737	Sadness
519.1575	1.0	508.8737	Sadness
519.26875	1.0	508.8737	Sadness
519.36735	1.0	508.8737	Sadness
527.6502	1.0	525.9648	Calming
527.70865	1.0	525.9648	Calming
527.81675	1.0	525.9648	Calming
527.91165	1.0	525.9648	Calming
527.9719	1.0	525.9648	Calming
528.1338	1.0	525.9648	Calming
528.58835	1.0	525.9648	Calming
528.6531	1.0	525.9648	Calming
531.3116	1.0	525.9648	Calming
531.37205	1.0	525.9648	Calming
531.50625	1.0	525.9648	Calming
531.5595	1.0	525.9648	Calming
531.6214	1.0	525.9648	Calming
531.65865	1.0	525.9648	Calming
531.7119	1.0	525.9648	Calming
531.8735	1.0	525.9648	Calming
531.9292	1.0	525.9648	Calming
531.98885	1.0	525.9648	Calming
532.3461	1.0	525.9648	Calming
532.4673	1.0	525.9648	Calming
533.65345	1.0	525.9648	Calming
533.77205	1.0	525.9648	Calming
533.9552	1.0	525.9648	Calming
535.88895	1.0	525.9648	Calming
536.1496	1.0	525.9648	Calming
536.2168	1.0	525.9648	Calming
536.41505	1.0	525.9648	Calming
536.6123	1.0	525.9648	Calming
536.71085	1.0	525.9648	Calming
536.77595	1.0	525.9648	Calming
545.3811	1.0	544.1666	Attention
545.61825	1.0	544.1666	Attention
545.6296	1.0	544.1666	Attention
545.83465	1.0	544.1666	Attention
545.8408	1.0	544.1666	Attention
546.2374	1.0	544.1666	Attention
546.4543	1.0	544.1666	Attention
546.5435	0.0	544.1666	Attention
547.7798	1.0	544.1666	Attention
548.03545	1.0	544.1666	Attention
548.0404	1.0	544.1666	Attention
548.2587	1.0	544.1666	Attention
548.472	1.0	544.1666	Attention
548.47775	1.0	544.1666	Attention
548.6752	1.0	544.1666	Attention
548.90315	1.0	544.1666	Attention
548.9147	1.0	544.1666	Attention
549.3145	0.0	544.1666	Attention
550.3363	1.0	544.1666	Attention
550.34255	1.0	544.1666	Attention
550.5576	1.0	544.1666	Attention
550.75735	1.0	544.1666	Attention
550.7624	1.0	544.1666	Attention
551.19635	1.0	544.1666	Attention
551.2008	1.0	544.1666	Attention
552.3604	1.0	544.1666	Attention
552.586	1.0	544.1666	Attention
552.59465	1.0	544.1666	Attention
552.8074	1.0	544.1666	Attention
552.81555	1.0	544.1666	Attention
553.02035	1.0	544.1666	Attention
553.2367	1.0	544.1666	Attention
553.24305	1.0	544.1666	Attention
553.47885	1.0	544.1666	Attention
553.48425	1.0	544.1666	Attention
558.6679	1.0	544.1666	Attention
561.226	1.0	560.1489	Happiness
561.25745	1.0	560.1489	Happiness
561.36255	1.0	560.1489	Happiness
561.52575	1.0	560.1489	Happiness
561.5465	1.0	560.1489	Happiness
561.5845	1.0	560.1489	Happiness
561.8226	1.0	560.1489	Happiness
561.9395	1.0	560.1489	Happiness
561.96265	1.0	560.1489	Happiness
562.82415	1.0	560.1489	Happiness
563.0021	1.0	560.1489	Happiness
563.3068	1.0	560.1489	Happiness
563.42575	1.0	560.1489	Happiness
563.73935	1.0	560.1489	Happiness
563.8004	1.0	560.1489	Happiness
564.26315	1.0	560.1489	Happiness
564.34045	1.0	560.1489	Happiness
564.5171	1.0	560.1489	Happiness
564.7479	1.0	560.1489	Happiness
564.78595	1.0	560.1489	Happiness
565.2262	1.0	560.1489	Happiness
565.24065	1.0	560.1489	Happiness
565.93845	1.0	560.1489	Happiness
566.12185	1.0	560.1489	Happiness
566.2785	1.0	560.1489	Happiness
566.3439	1.0	560.1489	Happiness
566.6391	1.0	560.1489	Happiness
567.3004	1.0	560.1489	Happiness
567.34245	1.0	560.1489	Happiness
567.50965	1.0	560.1489	Happiness
567.7074	1.0	560.1489	Happiness
568.4496	1.0	560.1489	Happiness
568.5365	1.0	560.1489	Happiness
569.1921	1.0	560.1489	Happiness
569.2312	1.0	560.1489	Happiness
569.52035	1.0	560.1489	Happiness
569.8858	1.0	560.1489	Happiness
570.50735	1.0	560.1489	Happiness
570.5431	1.0	560.1489	Happiness
570.63125	1.0	560.1489	Happiness
570.68215	1.0	560.1489	Happiness
570.8308	1.0	560.1489	Happiness
570.86605	1.0	560.1489	Happiness
573.7032	1.0	560.1489	Happiness
576.00975	1.0	560.1489	Happiness
580.01505	1.0	578.9071	Love
580.0551	1.0	578.9071	Love
580.09495	1.0	578.9071	Love
580.2127	1.0	578.9071	Love
580.3514	1.0	578.9071	Love
582.7133	1.0	578.9071	Love
584.0015	1.0	578.9071	Love
584.04505	1.0	578.9071	Love
584.3132	1.0	578.9071	Love
584.65315	1.0	578.9071	Love
584.6964	1.0	578.9071	Love
584.98485	1.0	578.9071	Love
585.42375	1.0	578.9071	Love
585.5808	1.0	578.9071	Love
586.33645	1.0	578.9071	Love
586.7789	1.0	578.9071	Love
587.05995	1.0	578.9071	Love
587.15985	1.0	578.9071	Love
587.2175	1.0	578.9071	Love
588.06175	1.0	578.9071	Love
588.263	1.0	578.9071	Love
588.3802	1.0	578.9071	Love
589.2783	1.0	578.9071	Love
592.64235	1.0	578.9071	Love
593.38865	1.0	578.9071	Love
594.568	1.0	578.9071	Love
594.82415	1.0	578.9071	Love
596.6842	1.0	595.4376	Sadness
596.7843	1.0	595.4376	Sadness
596.9338	1.0	595.4376	Sadness
597.0489	1.0	595.4376	Sadness
597.11085	1.0	595.4376	Sadness
597.17345	1.0	595.4376	Sadness
597.34465	1.0	595.4376	Sadness
597.71445	1.0	595.4376	Sadness
597.7722	1.0	595.4376	Sadness
597.8879	1.0	595.4376	Sadness
597.9467	1.0	595.4376	Sadness
597.9954	1.0	595.4376	Sadness
598.1284	1.0	595.4376	Sadness
598.1699	1.0	595.4376	Sadness
598.22715	1.0	595.4376	Sadness
598.33065	1.0	595.4376	Sadness
598.43035	1.0	595.4376	Sadness
598.47115	1.0	595.4376	Sadness
598.57525	1.0	595.4376	Sadness
598.72715	1.0	595.4376	Sadness
598.98585	1.0	595.4376	Sadness
599.14525	1.0	595.4376	Sadness
599.2549	1.0	595.4376	Sadness
599.41385	1.0	595.4376	Sadness
599.5126	1.0	595.4376	Sadness
599.793	1.0	595.4376	Sadness
599.95235	1.0	595.4376	Sadness
600.01235	1.0	595.4376	Sadness
600.0732	1.0	595.4376	Sadness
600.3674	1.0	595.4376	Sadness
600.40985	1.0	595.4376	Sadness
600.47005	1.0	595.4376	Sadness
600.57315	1.0	595.4376	Sadness
600.6767	1.0	595.4376	Sadness
600.79675	1.0	595.4376	Sadness
600.8477	1.0	595.4376	Sadness
600.95455	1.0	595.4376	Sadness
601.0151	1.0	595.4376	Sadness
601.2076	1.0	595.4376	Sadness
601.4154	1.0	595.4376	Sadness
601.4681	1.0	595.4376	Sadness
603.3099	1.0	595.4376	Sadness
603.63545	1.0	595.4376	Sadness
603.77025	1.0	595.4376	Sadness
604.134	1.0	595.4376	Sadness
604.2381	1.0	595.4376	Sadness
604.34025	1.0	595.4376	Sadness
604.89665	1.0	595.4376	Sadness
605.61865	1.0	595.4376	Sadness
605.71975	1.0	595.4376	Sadness
613.20185	1.0	612.1597	Love
613.306	1.0	612.1597	Love
613.6581	1.0	612.1597	Love
614.08615	1.0	612.1597	Love
615.20395	1.0	612.1597	Love
615.64595	1.0	612.1597	Love
617.2055	1.0	612.1597	Love
617.40265	1.0	612.1597	Love
618.8105	1.0	612.1597	Love
619.2112	1.0	612.1597	Love
619.8843	1.0	612.1597	Love
619.98705	1.0	612.1597	Love
621.43275	1.0	612.1597	Love
622.20965	1.0	612.1597	Love
622.2334	1.0	612.1597	Love
622.41225	1.0	612.1597	Love
622.75215	1.0	612.1597	Love
628.57055	1.0	612.1597	Love
629.6576	1.0	628.6862	Happiness
631.06205	1.0	628.6862	Happiness
631.4349	1.0	628.6862	Happiness
631.70275	1.0	628.6862	Happiness
632.48215	1.0	628.6862	Happiness
632.7375	1.0	628.6862	Happiness
632.8814	1.0	628.6862	Happiness
632.9024	1.0	628.6862	Happiness
633.3018	1.0	628.6862	Happiness
634.96685	1.0	628.6862	Happiness
635.0193	1.0	628.6862	Happiness
636.0048	1.0	628.6862	Happiness
636.20025	1.0	628.6862	Happiness
636.44425	1.0	628.6862	Happiness
637.5994	1.0	628.6862	Happiness
637.66315	1.0	628.6862	Happiness
637.8052	1.0	628.6862	Happiness
637.98145	1.0	628.6862	Happiness
639.0269	1.0	628.6862	Happiness
646.14775	1.0	645.0415	Gratitude
646.2557	1.0	645.0415	Gratitude
646.6101	1.0	645.0415	Gratitude
646.7203	1.0	645.0415	Gratitude
647.4782	1.0	645.0415	Gratitude
647.6689	1.0	645.0415	Gratitude
647.99065	1.0	645.0415	Gratitude
649.1726	1.0	645.0415	Gratitude
649.2313	1.0	645.0415	Gratitude
649.6109	1.0	645.0415	Gratitude
649.7322	1.0	645.0415	Gratitude
649.86065	1.0	645.0415	Gratitude
649.95605	1.0	645.0415	Gratitude
650.01715	1.0	645.0415	Gratitude
650.87465	1.0	645.0415	Gratitude
651.15265	1.0	645.0415	Gratitude
652.6569	1.0	645.0415	Gratitude
653.15275	1.0	645.0415	Gratitude
653.4019	1.0	645.0415	Gratitude
653.85945	1.0	645.0415	Gratitude
654.1932	1.0	645.0415	Gratitude
654.23705	1.0	645.0415	Gratitude
654.39425	1.0	645.0415	Gratitude
654.87705	1.0	645.0415	Gratitude
655.0585	1.0	645.0415	Gratitude
658.4021	1.0	645.0415	Gratitude
659.86	1.0	645.0415	Gratitude
661.3565	1.0	645.0415	Gratitude
661.95975	1.0	645.0415	Gratitude
664.5418	1.0	645.0415	Gratitude
665.1378	1.0	645.0415	Gratitude
667.23575	1.0	665.6595	Calming
667.40035	1.0	665.6595	Calming
667.9585	1.0	665.6595	Calming
668.4038	1.0	665.6595	Calming
670.72555	1.0	665.6595	Calming
672.0651	1.0	665.6595	Calming
674.60335	1.0	665.6595	Calming
674.7968	1.0	665.6595	Calming
675.0185	1.0	665.6595	Calming
675.1028	1.0	665.6595	Calming
675.8791	1.0	665.6595	Calming
676.37755	1.0	665.6595	Calming
685.80655	1.0	684.6012	Attention
686.0258	1.0	684.6012	Attention
689.2472	1.0	684.6012	Attention
690.6827	1.0	684.6012	Attention
690.91885	1.0	684.6012	Attention
690.92495	1.0	684.6012	Attention
691.3194	1.0	684.6012	Attention
691.32395	1.0	684.6012	Attention
691.52175	1.0	684.6012	Attention
691.74365	1.0	684.6012	Attention
693.20715	1.0	684.6012	Attention
693.89035	1.0	684.6012	Attention
700.04735	1.0	684.6012	Attention
700.98215	1.0	700.5804	Love
701.3063	1.0	700.5804	Love
701.6627	1.0	700.5804	Love
701.77195	1.0	700.5804	Love
702.16595	1.0	700.5804	Love
702.50565	1.0	700.5804	Love
703.6107	1.0	700.5804	Love
703.8516	1.0	700.5804	Love
704.0278	1.0	700.5804	Love
705.36835	1.0	700.5804	Love
707.69155	1.0	700.5804	Love
707.9285	1.0	700.5804	Love
709.20495	1.0	700.5804	Love
709.3529	1.0	700.5804	Love
709.57335	1.0	700.5804	Love
710.86885	1.0	700.5804	Love
715.58965	1.0	700.5804	Love
717.15715	1.0	716.9336	Calming
717.85375	1.0	716.9336	Calming
718.27875	1.0	716.9336	Calming
718.3941	1.0	716.9336	Calming
718.4323	1.0	716.9336	Calming
718.8182	1.0	716.9336	Calming
719.0722	1.0	716.9336	Calming
719.83125	1.0	716.9336	Calming
720.11275	1.0	716.9336	Calming
722.3772	1.0	716.9336	Calming
723.0388	1.0	716.9336	Calming
726.49495	1.0	716.9336	Calming
726.83865	1.0	716.9336	Calming
726.9394	1.0	716.9336	Calming
732.47875	1.0	716.9336	Calming
733.5001	1.0	716.9336	Calming
763.55285	1.0	762.0738	Attention
763.975	1.0	762.0738	Attention
765.794	1.0	762.0738	Attention
766.20865	1.0	762.0738	Attention
767.85275	1.0	762.0738	Attention
767.8567	1.0	762.0738	Attention
768.06955	1.0	762.0738	Attention
768.7093	1.0	762.0738	Attention
768.9289	1.0	762.0738	Attention
770.33445	1.0	762.0738	Attention
770.556	1.0	762.0738	Attention
771.19425	1.0	762.0738	Attention
771.1988	1.0	762.0738	Attention
772.4335	1.0	762.0738	Attention
780.2773	1.0	778.9733	Happiness
780.723	1.0	778.9733	Happiness
780.85535	1.0	778.9733	Happiness
781.57635	1.0	778.9733	Happiness
781.7427	1.0	778.9733	Happiness
781.9844	1.0	778.9733	Happiness
782.0218	1.0	778.9733	Happiness
782.2249	1.0	778.9733	Happiness
783.10415	1.0	778.9733	Happiness
783.24155	1.0	778.9733	Happiness
784.5454	1.0	778.9733	Happiness
784.9769	1.0	778.9733	Happiness
786.38705	1.0	778.9733	Happiness
786.66305	1.0	778.9733	Happiness
786.685	1.0	778.9733	Happiness
786.7637	1.0	778.9733	Happiness
786.86525	1.0	778.9733	Happiness
787.045	1.0	778.9733	Happiness
787.15985	1.0	778.9733	Happiness
787.5815	1.0	778.9733	Happiness
788.02345	1.0	778.9733	Happiness
789.28695	1.0	778.9733	Happiness
794.14495	1.0	778.9733	Happiness
797.66175	1.0	796.4332	Sadness
797.7503	1.0	796.4332	Sadness
797.8909	1.0	796.4332	Sadness
798.0419	1.0	796.4332	Sadness
798.79325	1.0	796.4332	Sadness
798.8483	1.0	796.4332	Sadness
799.12695	1.0	796.4332	Sadness
799.1865	1.0	796.4332	Sadness
799.24525	1.0	796.4332	Sadness
799.45225	1.0	796.4332	Sadness
799.52395	1.0	796.4332	Sadness
799.82275	1.0	796.4332	Sadness
800.1287	1.0	796.4332	Sadness
800.5683	1.0	796.4332	Sadness
800.72465	1.0	796.4332	Sadness
800.9101	1.0	796.4332	Sadness
801.1459	1.0	796.4332	Sadness
802.4113	1.0	796.4332	Sadness
802.66825	1.0	796.4332	Sadness
802.8273	1.0	796.4332	Sadness
802.99325	1.0	796.4332	Sadness
803.1078	1.0	796.4332	Sadness
803.20615	1.0	796.4332	Sadness
803.32885	1.0	796.4332	Sadness
803.45305	1.0	796.4332	Sadness
803.70635	1.0	796.4332	Sadness
804.0887	1.0	796.4332	Sadness
804.1451	1.0	796.4332	Sadness
804.32355	1.0	796.4332	Sadness
804.40665	1.0	796.4332	Sadness
804.4664	1.0	796.4332	Sadness
804.5489	1.0	796.4332	Sadness
804.6282	1.0	796.4332	Sadness
805.0681	1.0	796.4332	Sadness
805.3437	1.0	796.4332	Sadness
805.56585	1.0	796.4332	Sadness
805.6295	1.0	796.4332	Sadness
805.692	1.0	796.4332	Sadness
805.91295	1.0	796.4332	Sadness
805.9686	1.0	796.4332	Sadness
806.2474	1.0	796.4332	Sadness
806.3722	1.0	796.4332	Sadness
806.57225	1.0	796.4332	Sadness
806.67085	1.0	796.4332	Sadness
806.7092	1.0	796.4332	Sadness
806.766	1.0	796.4332	Sadness
806.85155	1.0	796.4332	Sadness
806.94015	1.0	796.4332	Sadness
806.99355	1.0	796.4332	Sadness
807.1126	1.0	796.4332	Sadness
814.1335	1.0	812.7834	Gratitude
815.49315	1.0	812.7834	Gratitude
815.5313	1.0	812.7834	Gratitude
816.06885	1.0	812.7834	Gratitude
816.11	1.0	812.7834	Gratitude
816.1911	1.0	812.7834	Gratitude
816.74925	1.0	812.7834	Gratitude
817.28945	1.0	812.7834	Gratitude
817.35115	1.0	812.7834	Gratitude
817.37115	1.0	812.7834	Gratitude
817.42575	1.0	812.7834	Gratitude
817.5269	1.0	812.7834	Gratitude
818.5932	1.0	812.7834	Gratitude
818.7473	1.0	812.7834	Gratitude
819.1737	1.0	812.7834	Gratitude
820.06895	1.0	812.7834	Gratitude
820.9254	1.0	812.7834	Gratitude
820.9901	1.0	812.7834	Gratitude
821.06845	1.0	812.7834	Gratitude
821.3854	1.0	812.7834	Gratitude
821.40835	1.0	812.7834	Gratitude
822.40965	1.0	812.7834	Gratitude
822.4502	1.0	812.7834	Gratitude
823.8123	1.0	812.7834	Gratitude
823.9088	1.0	812.7834	Gratitude
