 	Channel 4	 	 
Time	Value	Cmt Time	Cmt Text
s	V	s	 
3.170549905	1.0	 	 
3.203449905	1.0	 	 
3.211099905	1.0	 	 
3.239449905	1.0	 	 
3.274049905	1.0	3.2499	air 
3.336949905	1.0	3.2499	air 
3.386649905	1.0	3.2499	air 
3.725349905	1.0	3.2499	air 
3.792099905	1.0	3.2499	air 
3.914499905	1.0	3.2499	air 
3.933849905	1.0	3.2499	air 
4.028499905	1.0	3.2499	air 
4.175399905	1.0	3.2499	air 
9.863099905	1.0	3.2499	air 
10.0206499	1.0	3.2499	air 
10.1489999	1.0	10.0499	air 
10.7760499	1.0	10.0499	air 
10.7990999	1.0	10.0499	air 
10.8068999	1.0	10.0499	air 
10.8725999	1.0	10.0499	air 
10.9043999	1.0	10.0499	air 
10.9613499	1.0	10.0499	air 
10.9773499	1.0	10.0499	air 
10.9947499	1.0	10.0499	air 
11.0455499	1.0	10.0499	air 
11.1412999	1.0	10.0499	air 
11.2307499	1.0	10.0499	air 
697.9380999	1.0	697.2499	Attention
697.9459999	1.0	697.2499	Attention
697.9503499	1.0	697.2499	Attention
697.9748999	0.0	697.2499	Attention
698.0146999	1.0	697.2499	Attention
698.0258999	1.0	697.2499	Attention
698.0334999	1.0	697.2499	Attention
698.1933499	1.0	697.2499	Attention
698.2006499	1.0	697.2499	Attention
698.2073499	1.0	697.2499	Attention
698.2122999	1.0	697.2499	Attention
698.2693499	1.0	697.2499	Attention
698.2785499	0.0	697.2499	Attention
698.4266499	1.0	697.2499	Attention
698.4300499	1.0	697.2499	Attention
698.4333999	1.0	697.2499	Attention
698.4378999	1.0	697.2499	Attention
698.4690999	0.0	697.2499	Attention
698.4701499	0.0	697.2499	Attention
698.5121499	1.0	697.2499	Attention
698.6575499	1.0	697.2499	Attention
698.6612499	1.0	697.2499	Attention
698.6674499	1.0	697.2499	Attention
698.7331999	1.0	697.2499	Attention
698.7447999	1.0	697.2499	Attention
698.7479999	1.0	697.2499	Attention
698.8999499	1.0	697.2499	Attention
698.9035999	1.0	697.2499	Attention
698.9839999	0.0	697.2499	Attention
700.1247499	1.0	697.2499	Attention
700.1281499	1.0	697.2499	Attention
700.1321499	1.0	697.2499	Attention
700.1572499	0.0	697.2499	Attention
700.1885999	0.0	697.2499	Attention
700.1922999	1.0	697.2499	Attention
700.1996999	1.0	697.2499	Attention
700.3668499	1.0	697.2499	Attention
700.3711499	1.0	697.2499	Attention
700.3791499	1.0	697.2499	Attention
700.3848499	1.0	697.2499	Attention
700.4128499	1.0	697.2499	Attention
700.4337499	1.0	697.2499	Attention
700.4418499	1.0	697.2499	Attention
700.4999499	0.0	697.2499	Attention
700.5012999	0.0	697.2499	Attention
700.5962499	1.0	697.2499	Attention
700.5993999	1.0	697.2499	Attention
700.6023999	1.0	697.2499	Attention
700.6080999	1.0	697.2499	Attention
700.6651499	1.0	697.2499	Attention
700.6768999	1.0	697.2499	Attention
700.8233999	1.0	697.2499	Attention
700.8265999	1.0	697.2499	Attention
700.8294999	1.0	697.2499	Attention
700.8346999	1.0	697.2499	Attention
700.8968999	1.0	697.2499	Attention
700.9066999	1.0	697.2499	Attention
701.0776499	1.0	697.2499	Attention
701.0817499	1.0	697.2499	Attention
701.0849999	1.0	697.2499	Attention
701.0899999	1.0	697.2499	Attention
701.1417999	0.0	697.2499	Attention
701.1529999	1.0	697.2499	Attention
702.3447499	1.0	697.2499	Attention
702.3478999	1.0	697.2499	Attention
702.3777499	0.0	697.2499	Attention
702.3788999	0.0	697.2499	Attention
702.3800999	0.0	697.2499	Attention
702.3811499	0.0	697.2499	Attention
702.3843499	0.0	697.2499	Attention
702.4074499	1.0	697.2499	Attention
702.4146999	1.0	697.2499	Attention
702.5753499	1.0	697.2499	Attention
702.5784999	1.0	697.2499	Attention
702.5872499	1.0	697.2499	Attention
702.6132999	0.0	697.2499	Attention
702.6146499	0.0	697.2499	Attention
702.6156499	0.0	697.2499	Attention
702.6168499	0.0	697.2499	Attention
702.6466999	1.0	697.2499	Attention
702.6527499	1.0	697.2499	Attention
702.8083999	1.0	697.2499	Attention
702.8116499	1.0	697.2499	Attention
702.8147499	1.0	697.2499	Attention
703.0228499	1.0	697.2499	Attention
703.0262999	1.0	697.2499	Attention
703.1041499	1.0	697.2499	Attention
703.2885499	1.0	697.2499	Attention
703.2919999	1.0	697.2499	Attention
704.5665999	1.0	697.2499	Attention
704.5704499	1.0	697.2499	Attention
704.5756999	1.0	697.2499	Attention
704.6023999	0.0	697.2499	Attention
704.6051999	0.0	697.2499	Attention
704.8102499	1.0	697.2499	Attention
704.8136999	1.0	697.2499	Attention
704.8447999	0.0	697.2499	Attention
704.8470499	0.0	697.2499	Attention
704.8494499	0.0	697.2499	Attention
705.0374999	1.0	697.2499	Attention
705.0417499	1.0	697.2499	Attention
705.0437999	0.0	697.2499	Attention
705.1086999	0.0	697.2499	Attention
705.2657499	1.0	697.2499	Attention
705.2698499	1.0	697.2499	Attention
705.3015999	0.0	697.2499	Attention
705.3028999	0.0	697.2499	Attention
705.3039499	0.0	697.2499	Attention
705.3079499	0.0	697.2499	Attention
705.3385499	1.0	697.2499	Attention
705.5049999	1.0	697.2499	Attention
705.5085999	1.0	697.2499	Attention
706.8659499	1.0	697.2499	Attention
706.8690499	1.0	697.2499	Attention
706.8723499	1.0	697.2499	Attention
706.9019499	0.0	697.2499	Attention
706.9044999	0.0	697.2499	Attention
706.9066499	0.0	697.2499	Attention
706.9329499	1.0	697.2499	Attention
706.9362499	1.0	697.2499	Attention
707.1033999	1.0	697.2499	Attention
707.1079999	1.0	697.2499	Attention
707.1399999	0.0	697.2499	Attention
707.1412999	0.0	697.2499	Attention
707.1423999	0.0	697.2499	Attention
707.3221999	1.0	697.2499	Attention
707.3254499	1.0	697.2499	Attention
707.3587499	0.0	697.2499	Attention
707.5498499	1.0	697.2499	Attention
707.5532499	1.0	697.2499	Attention
707.5886499	0.0	697.2499	Attention
707.5904999	0.0	697.2499	Attention
707.6174999	1.0	697.2499	Attention
707.7934499	1.0	697.2499	Attention
707.7966499	1.0	697.2499	Attention
707.8632499	1.0	697.2499	Attention
711.7788999	0.0	697.2499	Attention
722.0384499	1.0	721.855	Love
722.0512499	1.0	721.855	Love
722.0803499	1.0	721.855	Love
722.1088499	1.0	721.855	Love
722.1416999	1.0	721.855	Love
722.1853499	1.0	721.855	Love
722.2221499	1.0	721.855	Love
722.2669499	1.0	721.855	Love
722.2997499	1.0	721.855	Love
722.3113499	1.0	721.855	Love
722.3251499	1.0	721.855	Love
722.3434499	1.0	721.855	Love
722.3518999	1.0	721.855	Love
722.4122999	1.0	721.855	Love
722.4274499	1.0	721.855	Love
722.4504499	1.0	721.855	Love
722.5634999	1.0	721.855	Love
722.5970999	1.0	721.855	Love
722.6204999	1.0	721.855	Love
723.6485999	0.0	721.855	Love
724.1991999	1.0	721.855	Love
724.2098499	1.0	721.855	Love
724.2471499	1.0	721.855	Love
724.2701999	1.0	721.855	Love
724.2991499	1.0	721.855	Love
724.3336499	1.0	721.855	Love
724.3676999	1.0	721.855	Love
724.3732999	1.0	721.855	Love
724.3784499	1.0	721.855	Love
724.3860499	1.0	721.855	Love
724.3921499	1.0	721.855	Love
724.3988499	1.0	721.855	Love
724.4155999	1.0	721.855	Love
724.4353999	1.0	721.855	Love
724.4448499	1.0	721.855	Love
724.4575999	1.0	721.855	Love
724.4655999	1.0	721.855	Love
724.4732999	1.0	721.855	Love
724.4857999	1.0	721.855	Love
724.5110499	1.0	721.855	Love
724.5222499	1.0	721.855	Love
724.5650999	1.0	721.855	Love
724.6109499	1.0	721.855	Love
724.6269499	1.0	721.855	Love
724.6492499	1.0	721.855	Love
724.6797499	1.0	721.855	Love
724.6928499	1.0	721.855	Love
724.7050999	1.0	721.855	Love
724.7329499	1.0	721.855	Love
724.7643499	1.0	721.855	Love
724.7731499	1.0	721.855	Love
724.8315499	1.0	721.855	Love
724.8427499	1.0	721.855	Love
724.9277999	1.0	721.855	Love
724.9521999	1.0	721.855	Love
725.0047499	1.0	721.855	Love
726.9927999	1.0	721.855	Love
727.0189999	1.0	721.855	Love
727.0414499	1.0	721.855	Love
727.0579999	1.0	721.855	Love
727.0693999	1.0	721.855	Love
727.0773499	1.0	721.855	Love
727.1775999	1.0	721.855	Love
727.1916499	1.0	721.855	Love
727.2349499	1.0	721.855	Love
727.2576499	1.0	721.855	Love
727.3020499	1.0	721.855	Love
727.3153499	1.0	721.855	Love
727.3523499	1.0	721.855	Love
727.4078499	1.0	721.855	Love
727.4672499	1.0	721.855	Love
729.0697499	1.0	721.855	Love
729.0775499	1.0	721.855	Love
729.0855499	1.0	721.855	Love
729.1019499	1.0	721.855	Love
729.1141499	1.0	721.855	Love
729.1262499	1.0	721.855	Love
729.1540999	1.0	721.855	Love
729.2253999	1.0	721.855	Love
729.2417499	1.0	721.855	Love
729.2510499	1.0	721.855	Love
729.2894499	1.0	721.855	Love
729.3173499	1.0	721.855	Love
729.3442499	1.0	721.855	Love
729.3703499	1.0	721.855	Love
729.3855499	1.0	721.855	Love
729.3956499	1.0	721.855	Love
729.4367999	1.0	721.855	Love
729.4710499	1.0	721.855	Love
729.4876499	1.0	721.855	Love
729.4967999	1.0	721.855	Love
729.5042999	1.0	721.855	Love
729.5198999	1.0	721.855	Love
729.5281499	1.0	721.855	Love
729.6241999	1.0	721.855	Love
729.6336999	1.0	721.855	Love
729.7199999	1.0	721.855	Love
729.7346999	1.0	721.855	Love
729.7422499	1.0	721.855	Love
729.8060999	1.0	721.855	Love
729.8157999	1.0	721.855	Love
729.8248999	1.0	721.855	Love
729.9352999	1.0	721.855	Love
729.9672499	1.0	721.855	Love
729.9858499	1.0	721.855	Love
730.2420499	1.0	721.855	Love
730.2499999	1.0	721.855	Love
730.2578499	1.0	721.855	Love
731.5647999	1.0	721.855	Love
731.8416499	1.0	721.855	Love
731.8951499	1.0	721.855	Love
731.9350999	1.0	721.855	Love
731.9703499	1.0	721.855	Love
731.9938499	1.0	721.855	Love
732.0605499	1.0	721.855	Love
732.1131999	1.0	721.855	Love
732.1280499	1.0	721.855	Love
732.1765999	1.0	721.855	Love
732.1888999	1.0	721.855	Love
732.2146499	1.0	721.855	Love
732.2339999	1.0	721.855	Love
732.2462499	1.0	721.855	Love
732.2866999	1.0	721.855	Love
732.3298499	1.0	721.855	Love
732.3462999	0.0	721.855	Love
737.6355499	1.0	721.855	Love
752.4967999	0.0	 	 
754.4363499	1.0	753.86	Gratitude
754.4670499	1.0	753.86	Gratitude
754.6006499	1.0	753.86	Gratitude
754.7046499	1.0	753.86	Gratitude
754.7745999	1.0	753.86	Gratitude
754.7937999	1.0	753.86	Gratitude
754.8314499	1.0	753.86	Gratitude
754.8410499	1.0	753.86	Gratitude
754.8535999	1.0	753.86	Gratitude
754.8628499	1.0	753.86	Gratitude
754.8746999	1.0	753.86	Gratitude
754.8858999	1.0	753.86	Gratitude
754.9163999	1.0	753.86	Gratitude
754.9320999	1.0	753.86	Gratitude
754.9401499	1.0	753.86	Gratitude
754.9474499	1.0	753.86	Gratitude
754.9539999	1.0	753.86	Gratitude
754.9680999	1.0	753.86	Gratitude
755.0052999	1.0	753.86	Gratitude
755.0099499	1.0	753.86	Gratitude
755.0284499	1.0	753.86	Gratitude
755.0427499	1.0	753.86	Gratitude
755.0512499	1.0	753.86	Gratitude
755.0664499	0.0	753.86	Gratitude
755.1054499	1.0	753.86	Gratitude
755.1625999	1.0	753.86	Gratitude
755.1707999	1.0	753.86	Gratitude
755.2433499	1.0	753.86	Gratitude
755.2544999	1.0	753.86	Gratitude
755.3001499	1.0	753.86	Gratitude
755.5901499	1.0	753.86	Gratitude
755.6619499	1.0	753.86	Gratitude
755.6737499	1.0	753.86	Gratitude
755.7012999	1.0	753.86	Gratitude
755.7453499	1.0	753.86	Gratitude
755.7520999	1.0	753.86	Gratitude
756.1435499	1.0	753.86	Gratitude
756.8025499	1.0	753.86	Gratitude
756.8897999	1.0	753.86	Gratitude
757.1241499	1.0	753.86	Gratitude
757.1296999	1.0	753.86	Gratitude
757.1426999	1.0	753.86	Gratitude
757.1494499	1.0	753.86	Gratitude
757.1907999	1.0	753.86	Gratitude
757.2396999	1.0	753.86	Gratitude
757.2543999	1.0	753.86	Gratitude
757.2638499	1.0	753.86	Gratitude
757.2935999	1.0	753.86	Gratitude
757.3010499	1.0	753.86	Gratitude
757.3423999	1.0	753.86	Gratitude
757.3613499	1.0	753.86	Gratitude
757.3734499	1.0	753.86	Gratitude
757.3969499	1.0	753.86	Gratitude
757.4314999	1.0	753.86	Gratitude
757.4400499	1.0	753.86	Gratitude
757.4875499	1.0	753.86	Gratitude
757.5254499	1.0	753.86	Gratitude
757.5650499	1.0	753.86	Gratitude
757.6284499	1.0	753.86	Gratitude
757.6404499	1.0	753.86	Gratitude
757.7003499	1.0	753.86	Gratitude
757.7401499	1.0	753.86	Gratitude
757.7629499	1.0	753.86	Gratitude
757.7761999	1.0	753.86	Gratitude
757.7815499	1.0	753.86	Gratitude
757.7917499	1.0	753.86	Gratitude
757.8303999	1.0	753.86	Gratitude
757.8418499	1.0	753.86	Gratitude
757.8507999	1.0	753.86	Gratitude
757.8577499	1.0	753.86	Gratitude
757.8787499	1.0	753.86	Gratitude
757.8972499	1.0	753.86	Gratitude
757.9148499	1.0	753.86	Gratitude
757.9319499	1.0	753.86	Gratitude
757.9521499	1.0	753.86	Gratitude
757.9580999	1.0	753.86	Gratitude
757.9632999	1.0	753.86	Gratitude
757.9903499	1.0	753.86	Gratitude
758.0044999	1.0	753.86	Gratitude
758.0099499	1.0	753.86	Gratitude
758.3222999	1.0	753.86	Gratitude
758.3498499	1.0	753.86	Gratitude
758.3675999	1.0	753.86	Gratitude
758.3747499	1.0	753.86	Gratitude
758.3828499	1.0	753.86	Gratitude
758.4080999	1.0	753.86	Gratitude
758.4240999	1.0	753.86	Gratitude
758.4489499	1.0	753.86	Gratitude
758.4585999	1.0	753.86	Gratitude
758.4806999	1.0	753.86	Gratitude
758.4903999	1.0	753.86	Gratitude
758.6047499	1.0	753.86	Gratitude
758.6099999	1.0	753.86	Gratitude
758.6304499	1.0	753.86	Gratitude
758.6634999	1.0	753.86	Gratitude
758.6766499	1.0	753.86	Gratitude
758.6892499	1.0	753.86	Gratitude
758.6934999	0.0	753.86	Gratitude
758.6982499	1.0	753.86	Gratitude
758.7120999	1.0	753.86	Gratitude
758.7204999	1.0	753.86	Gratitude
758.7299999	1.0	753.86	Gratitude
758.7404499	1.0	753.86	Gratitude
758.8147999	1.0	753.86	Gratitude
758.8214499	1.0	753.86	Gratitude
758.8318499	1.0	753.86	Gratitude
758.8502999	1.0	753.86	Gratitude
759.1052499	1.0	753.86	Gratitude
759.4932499	0.0	753.86	Gratitude
759.4944499	0.0	753.86	Gratitude
759.5047499	1.0	753.86	Gratitude
759.5198999	1.0	753.86	Gratitude
759.5469499	1.0	753.86	Gratitude
759.9911999	1.0	753.86	Gratitude
760.0250999	1.0	753.86	Gratitude
760.0359499	1.0	753.86	Gratitude
760.0425499	1.0	753.86	Gratitude
760.0505499	1.0	753.86	Gratitude
760.0719499	1.0	753.86	Gratitude
760.0860499	1.0	753.86	Gratitude
760.1310999	1.0	753.86	Gratitude
760.1398999	1.0	753.86	Gratitude
760.1631499	1.0	753.86	Gratitude
760.1945499	1.0	753.86	Gratitude
760.2223499	1.0	753.86	Gratitude
760.2312999	1.0	753.86	Gratitude
760.2424999	1.0	753.86	Gratitude
760.2574999	1.0	753.86	Gratitude
760.2783999	1.0	753.86	Gratitude
760.3370499	1.0	753.86	Gratitude
760.3452999	1.0	753.86	Gratitude
760.3764999	1.0	753.86	Gratitude
760.4090999	1.0	753.86	Gratitude
760.4641999	1.0	753.86	Gratitude
760.5812999	1.0	753.86	Gratitude
760.8704999	1.0	753.86	Gratitude
760.9134999	1.0	753.86	Gratitude
760.9770999	1.0	753.86	Gratitude
761.0183999	1.0	753.86	Gratitude
761.0309999	1.0	753.86	Gratitude
761.0394999	1.0	753.86	Gratitude
761.0663499	1.0	753.86	Gratitude
761.0850999	1.0	753.86	Gratitude
761.0923499	1.0	753.86	Gratitude
761.1674499	1.0	753.86	Gratitude
761.2131499	1.0	753.86	Gratitude
761.2640999	1.0	753.86	Gratitude
761.3930999	1.0	753.86	Gratitude
761.4808499	1.0	753.86	Gratitude
761.6841999	1.0	753.86	Gratitude
761.7235999	1.0	753.86	Gratitude
761.7717999	1.0	753.86	Gratitude
761.8073499	1.0	753.86	Gratitude
761.8330499	1.0	753.86	Gratitude
762.8220999	1.0	753.86	Gratitude
762.8296499	1.0	753.86	Gratitude
763.2250999	1.0	753.86	Gratitude
763.2518499	1.0	753.86	Gratitude
763.2696499	1.0	753.86	Gratitude
763.2895999	1.0	753.86	Gratitude
763.3144499	1.0	753.86	Gratitude
763.3356999	1.0	753.86	Gratitude
763.3439999	1.0	753.86	Gratitude
763.3985499	1.0	753.86	Gratitude
763.4034999	1.0	753.86	Gratitude
763.4396999	1.0	753.86	Gratitude
763.4511999	1.0	753.86	Gratitude
763.4651999	1.0	753.86	Gratitude
763.4745999	1.0	753.86	Gratitude
763.4808499	1.0	753.86	Gratitude
763.4892999	1.0	753.86	Gratitude
763.4935999	1.0	753.86	Gratitude
763.5053499	1.0	753.86	Gratitude
763.5191999	1.0	753.86	Gratitude
763.5273499	1.0	753.86	Gratitude
763.5313499	1.0	753.86	Gratitude
763.5521499	1.0	753.86	Gratitude
763.5654499	1.0	753.86	Gratitude
763.5973499	1.0	753.86	Gratitude
763.6048499	1.0	753.86	Gratitude
763.6095999	1.0	753.86	Gratitude
763.6164499	1.0	753.86	Gratitude
763.6694999	1.0	753.86	Gratitude
763.7063499	1.0	753.86	Gratitude
763.7233999	1.0	753.86	Gratitude
763.7337999	1.0	753.86	Gratitude
763.7422499	1.0	753.86	Gratitude
763.9201499	1.0	753.86	Gratitude
763.9457499	1.0	753.86	Gratitude
764.1232999	1.0	753.86	Gratitude
764.1721499	1.0	753.86	Gratitude
764.2148499	1.0	753.86	Gratitude
764.3801499	1.0	753.86	Gratitude
764.4362999	1.0	753.86	Gratitude
764.4641999	1.0	753.86	Gratitude
764.4793499	1.0	753.86	Gratitude
764.4910999	1.0	753.86	Gratitude
764.5155999	1.0	753.86	Gratitude
764.5512999	1.0	753.86	Gratitude
764.6492499	1.0	753.86	Gratitude
764.7018999	1.0	753.86	Gratitude
764.7456999	1.0	753.86	Gratitude
764.8358999	1.0	753.86	Gratitude
765.3437999	1.0	753.86	Gratitude
775.6007999	1.0	775.36	Sadness
775.6638499	1.0	775.36	Sadness
775.7144499	1.0	775.36	Sadness
776.3846499	0.0	775.36	Sadness
778.5049999	0.0	775.36	Sadness
778.6997499	0.0	775.36	Sadness
779.0716499	1.0	775.36	Sadness
779.0895499	0.0	775.36	Sadness
779.0906999	0.0	775.36	Sadness
779.2087999	1.0	775.36	Sadness
779.2635999	0.0	775.36	Sadness
779.2992499	1.0	775.36	Sadness
779.3130999	1.0	775.36	Sadness
784.6805499	1.0	775.36	Sadness
784.7034999	1.0	775.36	Sadness
785.4846999	0.0	775.36	Sadness
786.2800499	0.0	775.36	Sadness
787.0497499	1.0	775.36	Sadness
787.0678499	1.0	775.36	Sadness
787.0828999	1.0	775.36	Sadness
787.0980999	1.0	775.36	Sadness
787.1368499	1.0	775.36	Sadness
787.1431499	1.0	775.36	Sadness
791.5317499	0.0	775.36	Sadness
792.6446499	0.0	775.36	Sadness
796.4002499	1.0	796.383	Happiness
796.4789499	1.0	796.383	Happiness
796.4836999	1.0	796.383	Happiness
796.4887499	1.0	796.383	Happiness
796.8226999	1.0	796.383	Happiness
796.8754999	1.0	796.383	Happiness
796.8911999	1.0	796.383	Happiness
797.1985999	1.0	796.383	Happiness
798.3033499	1.0	796.383	Happiness
798.4110499	1.0	796.383	Happiness
798.6366999	1.0	796.383	Happiness
798.6410999	1.0	796.383	Happiness
798.8991499	1.0	796.383	Happiness
798.9031999	1.0	796.383	Happiness
799.9752999	1.0	796.383	Happiness
800.1415999	1.0	796.383	Happiness
800.1550999	1.0	796.383	Happiness
801.4959999	1.0	796.383	Happiness
801.4993499	1.0	796.383	Happiness
801.6215999	1.0	796.383	Happiness
801.8349499	1.0	796.383	Happiness
802.3350499	1.0	796.383	Happiness
803.0905499	1.0	796.383	Happiness
803.2055499	1.0	796.383	Happiness
803.3692499	1.0	796.383	Happiness
804.5523999	0.0	796.383	Happiness
804.6470999	1.0	796.383	Happiness
804.8519499	1.0	796.383	Happiness
804.8873999	1.0	796.383	Happiness
804.8909499	1.0	796.383	Happiness
804.9549999	1.0	796.383	Happiness
804.9751999	1.0	796.383	Happiness
804.9831499	1.0	796.383	Happiness
804.9892999	1.0	796.383	Happiness
804.9934999	1.0	796.383	Happiness
805.1432499	1.0	796.383	Happiness
805.1473499	1.0	796.383	Happiness
805.1991999	1.0	796.383	Happiness
805.2054999	1.0	796.383	Happiness
805.2124999	1.0	796.383	Happiness
805.2310999	1.0	796.383	Happiness
805.2496499	1.0	796.383	Happiness
805.2739999	1.0	796.383	Happiness
805.2822999	1.0	796.383	Happiness
805.2873999	1.0	796.383	Happiness
805.2956999	1.0	796.383	Happiness
805.4041999	1.0	796.383	Happiness
805.4088499	1.0	796.383	Happiness
805.4119999	1.0	796.383	Happiness
805.4955499	1.0	796.383	Happiness
805.5159499	1.0	796.383	Happiness
805.5256999	1.0	796.383	Happiness
805.5344499	1.0	796.383	Happiness
806.3885499	1.0	796.383	Happiness
806.3970999	1.0	796.383	Happiness
806.4028499	1.0	796.383	Happiness
806.6077999	1.0	796.383	Happiness
806.6142499	1.0	796.383	Happiness
806.7043999	1.0	796.383	Happiness
806.9051499	1.0	796.383	Happiness
806.9759499	1.0	796.383	Happiness
806.9952499	1.0	796.383	Happiness
807.0623499	1.0	796.383	Happiness
807.7655999	1.0	796.383	Happiness
807.7696499	1.0	796.383	Happiness
807.8425499	1.0	796.383	Happiness
808.0296499	1.0	796.383	Happiness
808.0331499	1.0	796.383	Happiness
808.0694499	1.0	796.383	Happiness
808.1146499	1.0	796.383	Happiness
808.1417999	1.0	796.383	Happiness
808.1854999	1.0	796.383	Happiness
808.1950499	1.0	796.383	Happiness
808.3392999	1.0	796.383	Happiness
808.3432499	1.0	796.383	Happiness
808.3467999	1.0	796.383	Happiness
808.4383499	1.0	796.383	Happiness
808.7334999	1.0	796.383	Happiness
808.7480999	1.0	796.383	Happiness
816.0672999	1.0	816.005	Calming
816.0868999	1.0	816.005	Calming
816.1084499	1.0	816.005	Calming
816.3226999	1.0	816.005	Calming
816.3280999	1.0	816.005	Calming
816.3594499	1.0	816.005	Calming
816.3840999	1.0	816.005	Calming
816.4062999	1.0	816.005	Calming
816.4249499	1.0	816.005	Calming
816.4334999	1.0	816.005	Calming
816.4658999	1.0	816.005	Calming
816.4945499	1.0	816.005	Calming
816.5177999	1.0	816.005	Calming
816.5424999	1.0	816.005	Calming
816.5472999	1.0	816.005	Calming
816.5675499	1.0	816.005	Calming
816.5915999	1.0	816.005	Calming
816.6179499	1.0	816.005	Calming
816.6589499	0.0	816.005	Calming
816.6940499	1.0	816.005	Calming
816.7637499	1.0	816.005	Calming
816.9690499	1.0	816.005	Calming
817.0777999	1.0	816.005	Calming
817.1646499	1.0	816.005	Calming
817.1796999	1.0	816.005	Calming
817.3858999	1.0	816.005	Calming
817.4205999	1.0	816.005	Calming
817.4266999	1.0	816.005	Calming
817.4594999	1.0	816.005	Calming
817.4750999	1.0	816.005	Calming
817.5063499	1.0	816.005	Calming
817.5523999	1.0	816.005	Calming
817.6043499	1.0	816.005	Calming
817.6290499	1.0	816.005	Calming
817.6415499	1.0	816.005	Calming
817.6648499	1.0	816.005	Calming
817.7221999	1.0	816.005	Calming
817.7392499	1.0	816.005	Calming
817.7583999	1.0	816.005	Calming
817.7800499	1.0	816.005	Calming
817.8034499	1.0	816.005	Calming
817.8171999	1.0	816.005	Calming
817.8254499	1.0	816.005	Calming
817.8503999	1.0	816.005	Calming
817.8784499	1.0	816.005	Calming
817.8862499	1.0	816.005	Calming
817.9152999	1.0	816.005	Calming
817.9300499	1.0	816.005	Calming
817.9571499	1.0	816.005	Calming
817.9657499	1.0	816.005	Calming
817.9733999	1.0	816.005	Calming
818.2575999	1.0	816.005	Calming
819.4808999	1.0	816.005	Calming
819.6605499	1.0	816.005	Calming
819.6899499	1.0	816.005	Calming
819.7448999	1.0	816.005	Calming
819.8066999	1.0	816.005	Calming
819.8371999	1.0	816.005	Calming
819.8479499	1.0	816.005	Calming
819.9423999	1.0	816.005	Calming
819.9824499	1.0	816.005	Calming
820.0035999	1.0	816.005	Calming
820.1756499	1.0	816.005	Calming
820.2360499	1.0	816.005	Calming
820.2539999	1.0	816.005	Calming
820.3260999	1.0	816.005	Calming
820.3464999	1.0	816.005	Calming
820.3990999	1.0	816.005	Calming
820.4366499	1.0	816.005	Calming
820.5010499	1.0	816.005	Calming
820.5377499	1.0	816.005	Calming
820.5444999	1.0	816.005	Calming
820.5744999	1.0	816.005	Calming
820.6063499	1.0	816.005	Calming
820.6163499	1.0	816.005	Calming
820.6403999	1.0	816.005	Calming
820.6716999	1.0	816.005	Calming
820.7018499	1.0	816.005	Calming
820.7318499	0.0	816.005	Calming
820.7606999	1.0	816.005	Calming
820.7921499	1.0	816.005	Calming
820.8253999	0.0	816.005	Calming
820.8527499	1.0	816.005	Calming
821.0338499	1.0	816.005	Calming
821.1480999	1.0	816.005	Calming
821.1810499	1.0	816.005	Calming
821.1944499	1.0	816.005	Calming
821.2649499	1.0	816.005	Calming
821.2968499	1.0	816.005	Calming
821.3414499	1.0	816.005	Calming
821.3936999	1.0	816.005	Calming
821.4045999	1.0	816.005	Calming
821.4347999	1.0	816.005	Calming
823.1265999	1.0	816.005	Calming
823.2469999	1.0	816.005	Calming
823.2969999	0.0	816.005	Calming
823.3239999	1.0	816.005	Calming
823.3711999	1.0	816.005	Calming
823.4557499	1.0	816.005	Calming
823.5412499	1.0	816.005	Calming
823.6104999	1.0	816.005	Calming
823.7226499	1.0	816.005	Calming
823.7883999	1.0	816.005	Calming
823.8179999	1.0	816.005	Calming
823.9847999	1.0	816.005	Calming
824.1445999	1.0	816.005	Calming
824.1965999	1.0	816.005	Calming
824.2354499	1.0	816.005	Calming
824.2438999	1.0	816.005	Calming
824.2763999	1.0	816.005	Calming
824.3445999	1.0	816.005	Calming
824.3513499	1.0	816.005	Calming
824.3781999	1.0	816.005	Calming
824.4054499	1.0	816.005	Calming
824.4340499	0.0	816.005	Calming
824.4620499	1.0	816.005	Calming
824.4709999	1.0	816.005	Calming
824.4932999	1.0	816.005	Calming
824.5180499	1.0	816.005	Calming
824.5411499	1.0	816.005	Calming
824.5812499	1.0	816.005	Calming
824.5921499	1.0	816.005	Calming
824.6108499	1.0	816.005	Calming
824.6473999	1.0	816.005	Calming
824.6950499	1.0	816.005	Calming
824.7773499	1.0	816.005	Calming
824.7918499	1.0	816.005	Calming
824.8735499	1.0	816.005	Calming
824.9228499	1.0	816.005	Calming
825.0045999	1.0	816.005	Calming
825.0302499	1.0	816.005	Calming
825.1237499	1.0	816.005	Calming
825.1424499	1.0	816.005	Calming
825.2094999	1.0	816.005	Calming
826.6189499	1.0	816.005	Calming
826.6376499	1.0	816.005	Calming
826.8262499	1.0	816.005	Calming
826.8753499	1.0	816.005	Calming
826.9470999	1.0	816.005	Calming
826.9647499	1.0	816.005	Calming
827.0882999	1.0	816.005	Calming
827.1268499	1.0	816.005	Calming
827.1576499	1.0	816.005	Calming
827.3067999	1.0	816.005	Calming
827.3612499	1.0	816.005	Calming
827.3917999	1.0	816.005	Calming
827.4270499	1.0	816.005	Calming
827.4787999	1.0	816.005	Calming
827.5289499	1.0	816.005	Calming
827.6026999	1.0	816.005	Calming
827.7223999	1.0	816.005	Calming
827.7419499	0.0	816.005	Calming
827.8356499	1.0	816.005	Calming
827.8816499	0.0	816.005	Calming
827.9234999	1.0	816.005	Calming
827.9590499	1.0	816.005	Calming
828.0353499	1.0	816.005	Calming
828.0789499	1.0	816.005	Calming
828.1594999	1.0	816.005	Calming
828.1848999	1.0	816.005	Calming
828.2218499	1.0	816.005	Calming
828.2559499	1.0	816.005	Calming
828.4868999	1.0	816.005	Calming
828.5822499	1.0	816.005	Calming
828.6405499	1.0	816.005	Calming
828.7251999	1.0	816.005	Calming
828.7877999	1.0	816.005	Calming
828.7991999	1.0	816.005	Calming
828.8370499	1.0	816.005	Calming
834.7187999	0.0	816.005	Calming
835.0728999	0.0	816.005	Calming
835.2223999	0.0	816.005	Calming
835.2445499	0.0	816.005	Calming
841.4586499	1.0	841.315	Attention
841.4623999	1.0	841.315	Attention
841.5210999	1.0	841.315	Attention
841.7484499	1.0	841.315	Attention
841.8030999	1.0	841.315	Attention
841.8070999	1.0	841.315	Attention
841.8235999	1.0	841.315	Attention
841.9620499	1.0	841.315	Attention
841.9658999	1.0	841.315	Attention
842.0437999	1.0	841.315	Attention
842.2008499	1.0	841.315	Attention
842.2059499	1.0	841.315	Attention
842.2961999	1.0	841.315	Attention
843.3416999	1.0	841.315	Attention
843.3452999	1.0	841.315	Attention
843.3736999	1.0	841.315	Attention
843.4182499	1.0	841.315	Attention
843.4231999	1.0	841.315	Attention
843.4273499	1.0	841.315	Attention
843.6100499	1.0	841.315	Attention
843.6177499	1.0	841.315	Attention
843.6857999	1.0	841.315	Attention
843.8508999	1.0	841.315	Attention
843.9296999	1.0	841.315	Attention
844.1001499	1.0	841.315	Attention
844.1054999	1.0	841.315	Attention
845.4189999	1.0	841.315	Attention
845.4222499	1.0	841.315	Attention
845.7457499	1.0	841.315	Attention
845.9437999	1.0	841.315	Attention
845.9501499	1.0	841.315	Attention
846.2004999	1.0	841.315	Attention
846.2073499	1.0	841.315	Attention
846.3069499	1.0	841.315	Attention
847.4820499	1.0	841.315	Attention
847.5491499	1.0	841.315	Attention
847.5629499	1.0	841.315	Attention
847.5807999	0.0	841.315	Attention
847.7385999	1.0	841.315	Attention
847.7418999	1.0	841.315	Attention
847.7463499	1.0	841.315	Attention
847.8171499	1.0	841.315	Attention
847.9922499	1.0	841.315	Attention
847.9956499	1.0	841.315	Attention
847.9995999	1.0	841.315	Attention
848.0036999	1.0	841.315	Attention
848.0841499	1.0	841.315	Attention
848.3652499	1.0	841.315	Attention
849.5018499	1.0	841.315	Attention
849.5054499	1.0	841.315	Attention
849.5851499	1.0	841.315	Attention
849.7644999	1.0	841.315	Attention
849.7682499	1.0	841.315	Attention
849.7741499	1.0	841.315	Attention
849.8362999	1.0	841.315	Attention
850.0044999	1.0	841.315	Attention
850.0080499	1.0	841.315	Attention
850.0163999	1.0	841.315	Attention
850.0866499	1.0	841.315	Attention
850.2857999	1.0	841.315	Attention
850.2903999	1.0	841.315	Attention
850.2951499	1.0	841.315	Attention
850.3619999	1.0	841.315	Attention
850.3681499	1.0	841.315	Attention
851.6033499	1.0	841.315	Attention
851.6728999	1.0	841.315	Attention
851.8831999	1.0	841.315	Attention
852.1373999	1.0	841.315	Attention
852.2037999	1.0	841.315	Attention
854.7834499	0.0	841.315	Attention
854.7846999	0.0	841.315	Attention
854.7858499	0.0	841.315	Attention
854.7869999	0.0	841.315	Attention
858.9610499	1.0	858.8499	Love
858.9699999	1.0	858.8499	Love
858.9760499	1.0	858.8499	Love
858.9960999	1.0	858.8499	Love
859.0549499	1.0	858.8499	Love
859.1005999	1.0	858.8499	Love
859.1242499	1.0	858.8499	Love
859.1383999	1.0	858.8499	Love
859.1427999	1.0	858.8499	Love
859.1513499	1.0	858.8499	Love
859.1616499	1.0	858.8499	Love
859.1668999	1.0	858.8499	Love
859.1715999	1.0	858.8499	Love
859.1967999	1.0	858.8499	Love
859.2028999	1.0	858.8499	Love
859.2121499	1.0	858.8499	Love
859.2198999	1.0	858.8499	Love
859.2301499	1.0	858.8499	Love
859.2415999	1.0	858.8499	Love
859.2460499	1.0	858.8499	Love
859.2569999	1.0	858.8499	Love
859.2679499	1.0	858.8499	Love
859.3063499	1.0	858.8499	Love
859.3166499	1.0	858.8499	Love
859.3446499	1.0	858.8499	Love
859.5222999	1.0	858.8499	Love
859.6223499	1.0	858.8499	Love
859.6840499	1.0	858.8499	Love
859.6899499	1.0	858.8499	Love
861.3368999	1.0	858.8499	Love
861.3803499	1.0	858.8499	Love
861.3890999	1.0	858.8499	Love
861.3996999	1.0	858.8499	Love
861.4304499	1.0	858.8499	Love
861.4475999	1.0	858.8499	Love
861.4654999	1.0	858.8499	Love
861.4803999	1.0	858.8499	Love
861.4972999	1.0	858.8499	Love
861.5064499	1.0	858.8499	Love
861.5301499	1.0	858.8499	Love
861.5475499	1.0	858.8499	Love
861.5582999	1.0	858.8499	Love
861.5754999	1.0	858.8499	Love
861.5838999	1.0	858.8499	Love
861.5898999	1.0	858.8499	Love
861.5944999	1.0	858.8499	Love
861.6039499	1.0	858.8499	Love
861.6126499	1.0	858.8499	Love
861.6222999	1.0	858.8499	Love
861.6668499	1.0	858.8499	Love
861.6786499	1.0	858.8499	Love
863.0566499	1.0	858.8499	Love
863.2624499	1.0	858.8499	Love
863.2740499	1.0	858.8499	Love
863.2780999	1.0	858.8499	Love
863.2979499	1.0	858.8499	Love
863.4332499	1.0	858.8499	Love
863.4559499	1.0	858.8499	Love
863.5078999	1.0	858.8499	Love
863.5387499	1.0	858.8499	Love
863.5823499	1.0	858.8499	Love
863.6295999	1.0	858.8499	Love
863.6388499	1.0	858.8499	Love
863.6681999	1.0	858.8499	Love
863.7076499	1.0	858.8499	Love
863.7485999	1.0	858.8499	Love
863.8036499	1.0	858.8499	Love
863.8396999	1.0	858.8499	Love
863.9165999	1.0	858.8499	Love
863.9936999	1.0	858.8499	Love
864.0197499	1.0	858.8499	Love
864.1305499	0.0	858.8499	Love
865.4862999	1.0	858.8499	Love
865.4976999	1.0	858.8499	Love
865.5311499	1.0	858.8499	Love
865.6587499	1.0	858.8499	Love
865.7675999	1.0	858.8499	Love
865.7735499	1.0	858.8499	Love
865.8763999	1.0	858.8499	Love
865.9976499	1.0	858.8499	Love
866.0623999	1.0	858.8499	Love
866.0993499	1.0	858.8499	Love
866.1473999	1.0	858.8499	Love
866.1682999	1.0	858.8499	Love
866.1976499	1.0	858.8499	Love
866.2074499	1.0	858.8499	Love
866.3026999	1.0	858.8499	Love
866.3749499	1.0	858.8499	Love
866.4012999	1.0	858.8499	Love
867.9129999	1.0	858.8499	Love
868.0124499	1.0	858.8499	Love
868.2077499	1.0	858.8499	Love
868.2217999	1.0	858.8499	Love
868.2654999	1.0	858.8499	Love
868.2821999	1.0	858.8499	Love
868.3107999	1.0	858.8499	Love
868.3313999	1.0	858.8499	Love
868.3716499	1.0	858.8499	Love
868.3893999	1.0	858.8499	Love
868.4026999	1.0	858.8499	Love
868.4331499	1.0	858.8499	Love
868.4692999	1.0	858.8499	Love
868.4760499	1.0	858.8499	Love
868.4802999	1.0	858.8499	Love
870.0424999	1.0	858.8499	Love
870.0791499	1.0	858.8499	Love
870.1233999	1.0	858.8499	Love
870.1408999	1.0	858.8499	Love
870.1556499	1.0	858.8499	Love
870.1699499	1.0	858.8499	Love
870.2021999	1.0	858.8499	Love
870.3712499	1.0	858.8499	Love
870.4163499	1.0	858.8499	Love
870.4685499	1.0	858.8499	Love
870.4857499	1.0	858.8499	Love
870.5465999	1.0	858.8499	Love
870.5930499	1.0	858.8499	Love
870.8403499	1.0	858.8499	Love
873.9073499	1.0	858.8499	Love
877.9924499	1.0	877.8499	Gratitude
878.0042499	1.0	877.8499	Gratitude
878.2434499	1.0	877.8499	Gratitude
878.3148999	0.0	877.8499	Gratitude
878.3163499	0.0	877.8499	Gratitude
878.3175499	0.0	877.8499	Gratitude
878.6780499	1.0	877.8499	Gratitude
879.3355999	1.0	877.8499	Gratitude
879.3621999	0.0	877.8499	Gratitude
879.5374999	0.0	877.8499	Gratitude
879.5392999	0.0	877.8499	Gratitude
879.5599499	0.0	877.8499	Gratitude
880.0135499	1.0	877.8499	Gratitude
880.0450999	1.0	877.8499	Gratitude
880.0593999	1.0	877.8499	Gratitude
880.0689499	1.0	877.8499	Gratitude
880.0796999	1.0	877.8499	Gratitude
880.1054999	1.0	877.8499	Gratitude
880.1201999	1.0	877.8499	Gratitude
880.1308499	1.0	877.8499	Gratitude
880.1383499	1.0	877.8499	Gratitude
880.1563999	1.0	877.8499	Gratitude
880.1839999	1.0	877.8499	Gratitude
880.2043499	1.0	877.8499	Gratitude
880.2081999	1.0	877.8499	Gratitude
880.2485499	1.0	877.8499	Gratitude
880.2550999	1.0	877.8499	Gratitude
880.2701999	1.0	877.8499	Gratitude
880.2815499	1.0	877.8499	Gratitude
880.2895999	1.0	877.8499	Gratitude
880.2957499	1.0	877.8499	Gratitude
880.3083499	1.0	877.8499	Gratitude
880.3272999	1.0	877.8499	Gratitude
880.3374999	1.0	877.8499	Gratitude
880.3462999	1.0	877.8499	Gratitude
880.3574499	1.0	877.8499	Gratitude
880.3645999	1.0	877.8499	Gratitude
880.3737999	1.0	877.8499	Gratitude
880.3802999	1.0	877.8499	Gratitude
880.3884999	1.0	877.8499	Gratitude
880.3928999	1.0	877.8499	Gratitude
880.3981499	1.0	877.8499	Gratitude
880.4161499	1.0	877.8499	Gratitude
880.4559499	1.0	877.8499	Gratitude
880.4609499	1.0	877.8499	Gratitude
880.4813499	1.0	877.8499	Gratitude
880.4865499	1.0	877.8499	Gratitude
880.4914999	1.0	877.8499	Gratitude
880.4987999	1.0	877.8499	Gratitude
880.5104999	1.0	877.8499	Gratitude
880.5179999	1.0	877.8499	Gratitude
880.5260999	1.0	877.8499	Gratitude
880.5344499	1.0	877.8499	Gratitude
880.5434499	1.0	877.8499	Gratitude
880.5483999	1.0	877.8499	Gratitude
880.5598499	1.0	877.8499	Gratitude
880.5659999	1.0	877.8499	Gratitude
880.5704499	1.0	877.8499	Gratitude
880.5800499	1.0	877.8499	Gratitude
880.6085499	1.0	877.8499	Gratitude
880.6175999	1.0	877.8499	Gratitude
880.6424999	1.0	877.8499	Gratitude
880.6494999	1.0	877.8499	Gratitude
880.6576499	1.0	877.8499	Gratitude
880.6738499	1.0	877.8499	Gratitude
880.6855499	1.0	877.8499	Gratitude
880.6938999	1.0	877.8499	Gratitude
880.7002999	1.0	877.8499	Gratitude
880.7070499	1.0	877.8499	Gratitude
880.7656499	1.0	877.8499	Gratitude
880.7768999	1.0	877.8499	Gratitude
880.8248499	1.0	877.8499	Gratitude
880.8458999	1.0	877.8499	Gratitude
880.8750999	1.0	877.8499	Gratitude
880.8930999	1.0	877.8499	Gratitude
880.9088499	1.0	877.8499	Gratitude
880.9349999	1.0	877.8499	Gratitude
880.9450499	1.0	877.8499	Gratitude
880.9857499	1.0	877.8499	Gratitude
881.0017499	1.0	877.8499	Gratitude
881.0566499	1.0	877.8499	Gratitude
881.1168499	1.0	877.8499	Gratitude
881.1612499	1.0	877.8499	Gratitude
881.1868499	1.0	877.8499	Gratitude
881.2036999	1.0	877.8499	Gratitude
881.2354999	1.0	877.8499	Gratitude
881.2436999	1.0	877.8499	Gratitude
881.2543499	1.0	877.8499	Gratitude
881.2626999	1.0	877.8499	Gratitude
881.2768999	1.0	877.8499	Gratitude
881.2999999	1.0	877.8499	Gratitude
881.3179999	1.0	877.8499	Gratitude
881.3394999	1.0	877.8499	Gratitude
881.3598999	1.0	877.8499	Gratitude
881.3954499	1.0	877.8499	Gratitude
881.4552499	1.0	877.8499	Gratitude
881.4646499	1.0	877.8499	Gratitude
881.4766999	1.0	877.8499	Gratitude
881.4868999	1.0	877.8499	Gratitude
881.4992999	1.0	877.8499	Gratitude
881.5197999	1.0	877.8499	Gratitude
881.5244499	1.0	877.8499	Gratitude
881.5468499	1.0	877.8499	Gratitude
881.5599499	1.0	877.8499	Gratitude
881.5919499	1.0	877.8499	Gratitude
881.7895999	1.0	877.8499	Gratitude
881.8353499	1.0	877.8499	Gratitude
881.8505999	1.0	877.8499	Gratitude
881.8638999	1.0	877.8499	Gratitude
881.9037499	1.0	877.8499	Gratitude
882.1356499	1.0	877.8499	Gratitude
882.1440999	1.0	877.8499	Gratitude
883.4252499	1.0	877.8499	Gratitude
883.7465499	1.0	877.8499	Gratitude
883.9550999	1.0	877.8499	Gratitude
883.9688499	1.0	877.8499	Gratitude
884.0089499	1.0	877.8499	Gratitude
884.0343999	1.0	877.8499	Gratitude
884.0552999	1.0	877.8499	Gratitude
884.0669999	1.0	877.8499	Gratitude
884.0773499	1.0	877.8499	Gratitude
884.0891999	1.0	877.8499	Gratitude
884.0979499	1.0	877.8499	Gratitude
884.1050499	1.0	877.8499	Gratitude
884.1145499	1.0	877.8499	Gratitude
884.1313999	1.0	877.8499	Gratitude
884.1444999	1.0	877.8499	Gratitude
884.1498999	1.0	877.8499	Gratitude
884.1550999	1.0	877.8499	Gratitude
884.1612499	1.0	877.8499	Gratitude
884.1723999	1.0	877.8499	Gratitude
884.1774999	1.0	877.8499	Gratitude
884.1853999	1.0	877.8499	Gratitude
884.2112999	1.0	877.8499	Gratitude
884.2225999	1.0	877.8499	Gratitude
884.2354499	1.0	877.8499	Gratitude
884.2438499	1.0	877.8499	Gratitude
884.2487999	1.0	877.8499	Gratitude
884.2552499	1.0	877.8499	Gratitude
884.2670499	1.0	877.8499	Gratitude
884.2829999	1.0	877.8499	Gratitude
884.2891499	1.0	877.8499	Gratitude
884.2950499	1.0	877.8499	Gratitude
884.3071999	1.0	877.8499	Gratitude
884.3180499	1.0	877.8499	Gratitude
884.3254999	1.0	877.8499	Gratitude
884.3391999	1.0	877.8499	Gratitude
884.3453499	1.0	877.8499	Gratitude
884.3532499	1.0	877.8499	Gratitude
884.3682499	1.0	877.8499	Gratitude
884.3834999	1.0	877.8499	Gratitude
884.4150999	1.0	877.8499	Gratitude
884.4184999	1.0	877.8499	Gratitude
884.4955499	1.0	877.8499	Gratitude
884.5671499	1.0	877.8499	Gratitude
884.5861499	1.0	877.8499	Gratitude
884.6141999	1.0	877.8499	Gratitude
884.7661499	1.0	877.8499	Gratitude
884.8581999	1.0	877.8499	Gratitude
884.9243499	1.0	877.8499	Gratitude
884.9440999	1.0	877.8499	Gratitude
885.0265999	1.0	877.8499	Gratitude
885.0717999	1.0	877.8499	Gratitude
885.1004499	1.0	877.8499	Gratitude
885.1204499	1.0	877.8499	Gratitude
885.1371499	1.0	877.8499	Gratitude
885.1641999	1.0	877.8499	Gratitude
885.1720999	1.0	877.8499	Gratitude
885.1963499	1.0	877.8499	Gratitude
885.2149499	1.0	877.8499	Gratitude
885.2369499	1.0	877.8499	Gratitude
885.2607499	1.0	877.8499	Gratitude
885.2687999	1.0	877.8499	Gratitude
885.2841499	1.0	877.8499	Gratitude
885.7815499	1.0	877.8499	Gratitude
886.6856999	1.0	877.8499	Gratitude
886.7249999	0.0	877.8499	Gratitude
886.7827999	1.0	877.8499	Gratitude
886.8833999	0.0	877.8499	Gratitude
886.8860499	0.0	877.8499	Gratitude
887.2134499	1.0	877.8499	Gratitude
887.2262999	1.0	877.8499	Gratitude
887.2555999	1.0	877.8499	Gratitude
887.2798999	1.0	877.8499	Gratitude
887.3015499	1.0	877.8499	Gratitude
887.3112999	1.0	877.8499	Gratitude
887.3290999	1.0	877.8499	Gratitude
887.3422499	1.0	877.8499	Gratitude
887.3533999	1.0	877.8499	Gratitude
887.3663999	1.0	877.8499	Gratitude
887.3742999	0.0	877.8499	Gratitude
887.3822999	1.0	877.8499	Gratitude
887.4020999	1.0	877.8499	Gratitude
887.4199999	1.0	877.8499	Gratitude
887.4389999	1.0	877.8499	Gratitude
887.4728499	1.0	877.8499	Gratitude
887.4927499	1.0	877.8499	Gratitude
887.5038499	1.0	877.8499	Gratitude
887.5082499	1.0	877.8499	Gratitude
887.5349999	1.0	877.8499	Gratitude
887.5960499	1.0	877.8499	Gratitude
887.6135999	1.0	877.8499	Gratitude
887.6248999	1.0	877.8499	Gratitude
887.6302999	1.0	877.8499	Gratitude
887.6380999	1.0	877.8499	Gratitude
887.6502499	1.0	877.8499	Gratitude
887.6591499	1.0	877.8499	Gratitude
887.6697499	1.0	877.8499	Gratitude
887.6757499	1.0	877.8499	Gratitude
887.7005999	1.0	877.8499	Gratitude
887.7110999	1.0	877.8499	Gratitude
887.7218499	1.0	877.8499	Gratitude
887.7552499	1.0	877.8499	Gratitude
887.7699999	1.0	877.8499	Gratitude
887.8128499	1.0	877.8499	Gratitude
887.8281499	1.0	877.8499	Gratitude
887.8785999	1.0	877.8499	Gratitude
887.9023499	1.0	877.8499	Gratitude
887.9337999	1.0	877.8499	Gratitude
887.9524499	1.0	877.8499	Gratitude
888.0011999	1.0	877.8499	Gratitude
888.0089999	1.0	877.8499	Gratitude
888.0147999	1.0	877.8499	Gratitude
888.0589499	1.0	877.8499	Gratitude
888.1200999	1.0	877.8499	Gratitude
888.3108499	1.0	877.8499	Gratitude
888.3493499	1.0	877.8499	Gratitude
888.3791999	1.0	877.8499	Gratitude
888.3945999	1.0	877.8499	Gratitude
888.4317499	1.0	877.8499	Gratitude
888.4702999	1.0	877.8499	Gratitude
888.5113499	1.0	877.8499	Gratitude
888.6607999	1.0	877.8499	Gratitude
888.8765999	1.0	877.8499	Gratitude
888.9075499	1.0	877.8499	Gratitude
888.9920999	1.0	877.8499	Gratitude
889.0133999	1.0	877.8499	Gratitude
889.4988999	1.0	877.8499	Gratitude
889.5615999	1.0	877.8499	Gratitude
890.1989999	1.0	877.8499	Gratitude
890.2498999	1.0	877.8499	Gratitude
890.2657499	1.0	877.8499	Gratitude
890.8023499	0.0	877.8499	Gratitude
890.8033499	0.0	877.8499	Gratitude
890.8043999	0.0	877.8499	Gratitude
890.8173999	0.0	877.8499	Gratitude
891.9268999	0.0	877.8499	Gratitude
893.0915999	0.0	877.8499	Gratitude
893.0930999	0.0	877.8499	Gratitude
893.1044499	0.0	877.8499	Gratitude
893.8622999	0.0	877.8499	Gratitude
894.1654499	0.0	877.8499	Gratitude
894.1776999	0.0	877.8499	Gratitude
894.1787999	0.0	877.8499	Gratitude
896.4712999	1.0	896.1999	Sadness
896.4871999	0.0	896.1999	Sadness
896.4882499	0.0	896.1999	Sadness
896.5149999	0.0	896.1999	Sadness
896.5550999	0.0	896.1999	Sadness
898.1286999	0.0	896.1999	Sadness
898.6199999	0.0	896.1999	Sadness
898.6615999	1.0	896.1999	Sadness
898.8454999	1.0	896.1999	Sadness
899.5397499	0.0	896.1999	Sadness
899.6027999	0.0	896.1999	Sadness
899.6070999	0.0	896.1999	Sadness
900.1457499	0.0	896.1999	Sadness
900.2687499	0.0	896.1999	Sadness
902.1689999	0.0	896.1999	Sadness
902.1865999	1.0	896.1999	Sadness
902.2261999	1.0	896.1999	Sadness
902.2450999	0.0	896.1999	Sadness
902.2465499	0.0	896.1999	Sadness
902.2836999	1.0	896.1999	Sadness
902.2979999	0.0	896.1999	Sadness
902.2991999	0.0	896.1999	Sadness
902.3489999	0.0	896.1999	Sadness
903.1330999	0.0	896.1999	Sadness
904.8412499	0.0	896.1999	Sadness
904.8423499	0.0	896.1999	Sadness
905.8567999	0.0	896.1999	Sadness
905.8580499	0.0	896.1999	Sadness
905.8688499	1.0	896.1999	Sadness
905.8788999	1.0	896.1999	Sadness
905.9088999	1.0	896.1999	Sadness
906.9381499	1.0	896.1999	Sadness
908.6652499	1.0	896.1999	Sadness
908.7012999	1.0	896.1999	Sadness
910.4898499	0.0	896.1999	Sadness
910.4923999	0.0	896.1999	Sadness
932.8094999	0.0	 	 
933.3568499	1.0	933.11	Happiness
933.3608499	1.0	933.11	Happiness
933.3658999	1.0	933.11	Happiness
933.4206999	1.0	933.11	Happiness
933.7595499	1.0	933.11	Happiness
933.7628499	1.0	933.11	Happiness
933.7707999	1.0	933.11	Happiness
933.7982499	0.0	933.11	Happiness
933.8462999	1.0	933.11	Happiness
935.4795499	1.0	933.11	Happiness
935.5566499	1.0	933.11	Happiness
935.5666999	1.0	933.11	Happiness
935.5926999	1.0	933.11	Happiness
935.8919499	1.0	933.11	Happiness
935.9306999	1.0	933.11	Happiness
935.9809999	0.0	933.11	Happiness
936.0002999	1.0	933.11	Happiness
936.0181999	1.0	933.11	Happiness
936.0405999	1.0	933.11	Happiness
936.0459499	1.0	933.11	Happiness
936.0548499	1.0	933.11	Happiness
936.0901499	1.0	933.11	Happiness
936.0960999	1.0	933.11	Happiness
936.1598499	1.0	933.11	Happiness
936.3056499	1.0	933.11	Happiness
936.8261499	1.0	933.11	Happiness
936.9230499	0.0	933.11	Happiness
936.9556999	1.0	933.11	Happiness
937.1346999	1.0	933.11	Happiness
937.1383999	1.0	933.11	Happiness
937.1424499	1.0	933.11	Happiness
937.2278499	1.0	933.11	Happiness
937.4009999	1.0	933.11	Happiness
937.4563999	1.0	933.11	Happiness
937.4944999	1.0	933.11	Happiness
937.5101999	1.0	933.11	Happiness
937.5456499	1.0	933.11	Happiness
937.7048499	1.0	933.11	Happiness
937.7104999	1.0	933.11	Happiness
937.8019999	1.0	933.11	Happiness
937.8150999	1.0	933.11	Happiness
937.8241499	1.0	933.11	Happiness
937.8295999	1.0	933.11	Happiness
938.0822499	0.0	933.11	Happiness
938.3323499	1.0	933.11	Happiness
938.4001999	1.0	933.11	Happiness
938.4044499	1.0	933.11	Happiness
938.4087499	1.0	933.11	Happiness
938.6032999	1.0	933.11	Happiness
938.6072999	1.0	933.11	Happiness
938.6426999	1.0	933.11	Happiness
938.6781999	1.0	933.11	Happiness
938.7131999	1.0	933.11	Happiness
938.8862499	1.0	933.11	Happiness
938.9630499	1.0	933.11	Happiness
939.2214999	1.0	933.11	Happiness
939.3210999	1.0	933.11	Happiness
939.3473499	1.0	933.11	Happiness
939.4776999	1.0	933.11	Happiness
940.1038499	1.0	933.11	Happiness
940.1079999	1.0	933.11	Happiness
940.2299499	1.0	933.11	Happiness
940.4388499	1.0	933.11	Happiness
940.5045999	1.0	933.11	Happiness
940.5345999	1.0	933.11	Happiness
940.5452999	1.0	933.11	Happiness
940.7542499	1.0	933.11	Happiness
940.7578499	1.0	933.11	Happiness
940.7605999	1.0	933.11	Happiness
941.0683499	1.0	933.11	Happiness
941.2406999	1.0	933.11	Happiness
941.2476499	1.0	933.11	Happiness
942.0064499	1.0	933.11	Happiness
942.0884999	1.0	933.11	Happiness
942.1411999	1.0	933.11	Happiness
942.4110999	1.0	933.11	Happiness
942.4916999	1.0	933.11	Happiness
942.6926499	1.0	933.11	Happiness
942.7680999	1.0	933.11	Happiness
942.8061499	1.0	933.11	Happiness
942.8954499	1.0	933.11	Happiness
942.9087499	1.0	933.11	Happiness
943.7047499	1.0	933.11	Happiness
943.7076999	1.0	933.11	Happiness
943.8123999	1.0	933.11	Happiness
944.0598999	1.0	933.11	Happiness
944.1162499	1.0	933.11	Happiness
944.3131999	1.0	933.11	Happiness
944.3214499	1.0	933.11	Happiness
944.4234999	1.0	933.11	Happiness
944.4299999	1.0	933.11	Happiness
944.6422499	1.0	933.11	Happiness
944.6464999	1.0	933.11	Happiness
944.7641499	1.0	933.11	Happiness
944.7721999	1.0	933.11	Happiness
944.7834499	0.0	933.11	Happiness
944.7884999	1.0	933.11	Happiness
944.8056499	1.0	933.11	Happiness
953.2349999	0.0	933.11	Happiness
953.2364999	0.0	933.11	Happiness
954.6200499	1.0	954.48	Calming
954.7198499	1.0	954.48	Calming
954.7266499	1.0	954.48	Calming
954.7370999	1.0	954.48	Calming
955.0496499	1.0	954.48	Calming
955.0824999	1.0	954.48	Calming
955.1063999	1.0	954.48	Calming
955.1748499	1.0	954.48	Calming
955.2306499	1.0	954.48	Calming
955.2598499	1.0	954.48	Calming
955.2883499	1.0	954.48	Calming
955.3181999	1.0	954.48	Calming
955.3493499	1.0	954.48	Calming
955.3578499	1.0	954.48	Calming
955.3765499	1.0	954.48	Calming
955.4105999	1.0	954.48	Calming
955.4529999	1.0	954.48	Calming
955.4796499	1.0	954.48	Calming
955.5168499	1.0	954.48	Calming
955.5673499	1.0	954.48	Calming
955.6197999	1.0	954.48	Calming
955.6304499	1.0	954.48	Calming
955.8351499	1.0	954.48	Calming
955.8506999	1.0	954.48	Calming
955.8767499	1.0	954.48	Calming
955.9161999	1.0	954.48	Calming
955.9481999	1.0	954.48	Calming
955.9935499	1.0	954.48	Calming
956.0596499	1.0	954.48	Calming
956.0767999	1.0	954.48	Calming
956.0964999	1.0	954.48	Calming
956.1385499	1.0	954.48	Calming
956.2351499	1.0	954.48	Calming
956.2908999	1.0	954.48	Calming
956.3213499	1.0	954.48	Calming
956.3802999	1.0	954.48	Calming
956.4097499	1.0	954.48	Calming
956.4971999	1.0	954.48	Calming
956.5979999	1.0	954.48	Calming
956.6152499	1.0	954.48	Calming
956.6362499	1.0	954.48	Calming
956.6949499	1.0	954.48	Calming
956.7090999	1.0	954.48	Calming
956.7216499	1.0	954.48	Calming
956.7545999	1.0	954.48	Calming
956.9497999	0.0	954.48	Calming
956.9648999	0.0	954.48	Calming
957.2921999	0.0	954.48	Calming
957.4125999	0.0	954.48	Calming
957.4194499	0.0	954.48	Calming
957.4607999	0.0	954.48	Calming
957.4728499	0.0	954.48	Calming
957.5297999	0.0	954.48	Calming
958.4442499	1.0	954.48	Calming
958.6099999	1.0	954.48	Calming
958.6471499	1.0	954.48	Calming
958.7005499	1.0	954.48	Calming
958.7658999	1.0	954.48	Calming
958.7944499	1.0	954.48	Calming
958.8278499	1.0	954.48	Calming
958.8719499	1.0	954.48	Calming
958.9283999	1.0	954.48	Calming
958.9571499	0.0	954.48	Calming
958.9960499	1.0	954.48	Calming
959.0867999	1.0	954.48	Calming
959.1177999	1.0	954.48	Calming
959.1437499	1.0	954.48	Calming
959.1495499	1.0	954.48	Calming
959.1756999	1.0	954.48	Calming
959.1996999	1.0	954.48	Calming
959.2562499	1.0	954.48	Calming
959.2865499	1.0	954.48	Calming
959.2929999	1.0	954.48	Calming
959.3202999	1.0	954.48	Calming
959.3493499	1.0	954.48	Calming
959.3870499	1.0	954.48	Calming
959.4166499	1.0	954.48	Calming
959.4260999	1.0	954.48	Calming
959.4514999	1.0	954.48	Calming
959.4807499	1.0	954.48	Calming
959.5144499	1.0	954.48	Calming
959.5378999	1.0	954.48	Calming
959.6514499	1.0	954.48	Calming
959.7111999	1.0	954.48	Calming
959.7724999	1.0	954.48	Calming
959.7936499	1.0	954.48	Calming
959.8390499	1.0	954.48	Calming
959.9072999	1.0	954.48	Calming
959.9279999	1.0	954.48	Calming
959.9654999	1.0	954.48	Calming
959.9934499	1.0	954.48	Calming
960.0469499	1.0	954.48	Calming
960.0602999	1.0	954.48	Calming
960.0962499	1.0	954.48	Calming
960.1028499	1.0	954.48	Calming
960.1396999	1.0	954.48	Calming
960.1549499	1.0	954.48	Calming
960.1694999	1.0	954.48	Calming
960.1979999	1.0	954.48	Calming
962.3304499	1.0	954.48	Calming
962.3957499	1.0	954.48	Calming
962.5549999	1.0	954.48	Calming
962.5964499	1.0	954.48	Calming
962.6788499	1.0	954.48	Calming
962.7116999	1.0	954.48	Calming
962.7509999	1.0	954.48	Calming
962.8316999	1.0	954.48	Calming
962.8508499	1.0	954.48	Calming
962.8714999	1.0	954.48	Calming
962.9773499	1.0	954.48	Calming
963.0615999	1.0	954.48	Calming
963.0734999	1.0	954.48	Calming
963.1119999	1.0	954.48	Calming
963.1656499	1.0	954.48	Calming
963.2062499	1.0	954.48	Calming
963.3644999	1.0	954.48	Calming
963.3946999	1.0	954.48	Calming
963.4278499	1.0	954.48	Calming
963.5564999	1.0	954.48	Calming
963.5907999	1.0	954.48	Calming
963.6052999	1.0	954.48	Calming
963.6357499	1.0	954.48	Calming
963.7320999	1.0	954.48	Calming
963.7621499	1.0	954.48	Calming
963.7871499	1.0	954.48	Calming
963.8495999	1.0	954.48	Calming
963.9038499	1.0	954.48	Calming
963.9429499	1.0	954.48	Calming
963.9935999	1.0	954.48	Calming
964.0595499	1.0	954.48	Calming
964.0938499	1.0	954.48	Calming
964.1608499	1.0	954.48	Calming
964.2248999	1.0	954.48	Calming
964.2632499	1.0	954.48	Calming
965.8979999	0.0	954.48	Calming
966.0704499	1.0	954.48	Calming
966.0772499	1.0	954.48	Calming
966.1509499	1.0	954.48	Calming
966.2512499	1.0	954.48	Calming
966.3180999	1.0	954.48	Calming
966.3643499	1.0	954.48	Calming
966.4826499	1.0	954.48	Calming
966.6237999	1.0	954.48	Calming
966.7019499	1.0	954.48	Calming
966.7620999	1.0	954.48	Calming
966.8023499	1.0	954.48	Calming
966.8584499	1.0	954.48	Calming
966.9528499	1.0	954.48	Calming
966.9647499	1.0	954.48	Calming
967.0488999	1.0	954.48	Calming
967.1068999	1.0	954.48	Calming
967.1576499	1.0	954.48	Calming
967.1938999	1.0	954.48	Calming
967.2286499	1.0	954.48	Calming
967.2446499	1.0	954.48	Calming
967.2777499	1.0	954.48	Calming
967.2841999	0.0	954.48	Calming
967.2855999	0.0	954.48	Calming
967.3133999	0.0	954.48	Calming
967.3510499	1.0	954.48	Calming
967.3860499	1.0	954.48	Calming
967.4210499	1.0	954.48	Calming
967.4547999	1.0	954.48	Calming
967.4897999	1.0	954.48	Calming
967.5212499	1.0	954.48	Calming
967.5538499	1.0	954.48	Calming
967.5840999	1.0	954.48	Calming
967.7059999	1.0	954.48	Calming
967.7148999	0.0	954.48	Calming
967.7271999	1.0	954.48	Calming
967.7478999	1.0	954.48	Calming
967.7804499	1.0	954.48	Calming
967.7970499	1.0	954.48	Calming
967.8222499	1.0	954.48	Calming
967.8358499	1.0	954.48	Calming
967.8529499	1.0	954.48	Calming
970.2351999	1.0	954.48	Calming
1003.4869	1.0	1003.2999	Attention
1003.5608	1.0	1003.2999	Attention
1003.74	1.0	1003.2999	Attention
1003.7441	1.0	1003.2999	Attention
1003.82695	1.0	1003.2999	Attention
1003.97655	1.0	1003.2999	Attention
1004.08365	1.0	1003.2999	Attention
1004.20705	1.0	1003.2999	Attention
1004.2103	1.0	1003.2999	Attention
1004.2147	1.0	1003.2999	Attention
1004.31045	1.0	1003.2999	Attention
1004.31435	1.0	1003.2999	Attention
1005.26645	1.0	1003.2999	Attention
1005.4518	1.0	1003.2999	Attention
1005.4552	1.0	1003.2999	Attention
1005.536	1.0	1003.2999	Attention
1005.6943	1.0	1003.2999	Attention
1005.6979	1.0	1003.2999	Attention
1005.70245	1.0	1003.2999	Attention
1005.79485	1.0	1003.2999	Attention
1005.95385	1.0	1003.2999	Attention
1005.95735	1.0	1003.2999	Attention
1006.0664	1.0	1003.2999	Attention
1006.07135	1.0	1003.2999	Attention
1007.0606	1.0	1003.2999	Attention
1007.52365	1.0	1003.2999	Attention
1007.53155	1.0	1003.2999	Attention
1007.61355	1.0	1003.2999	Attention
1007.79155	1.0	1003.2999	Attention
1007.79725	1.0	1003.2999	Attention
1007.89395	1.0	1003.2999	Attention
1008.77315	1.0	1003.2999	Attention
1008.7766	1.0	1003.2999	Attention
1009.0359	1.0	1003.2999	Attention
1009.0394	1.0	1003.2999	Attention
1009.0443	1.0	1003.2999	Attention
1009.1107	1.0	1003.2999	Attention
1009.2775	1.0	1003.2999	Attention
1009.28145	1.0	1003.2999	Attention
1009.55815	1.0	1003.2999	Attention
1009.56145	1.0	1003.2999	Attention
1009.6412	1.0	1003.2999	Attention
1010.5928	1.0	1003.2999	Attention
1010.5973	1.0	1003.2999	Attention
1010.6731	1.0	1003.2999	Attention
1010.85245	1.0	1003.2999	Attention
1010.8561	1.0	1003.2999	Attention
1010.94565	1.0	1003.2999	Attention
1011.0953	1.0	1003.2999	Attention
1011.09985	1.0	1003.2999	Attention
1011.37175	1.0	1003.2999	Attention
1011.37485	1.0	1003.2999	Attention
1012.69955	1.0	1003.2999	Attention
1012.78185	1.0	1003.2999	Attention
1012.95675	1.0	1003.2999	Attention
1013.19705	1.0	1003.2999	Attention
1013.28325	1.0	1003.2999	Attention
1013.4929	1.0	1003.2999	Attention
1018.4793	0.0	1003.2999	Attention
1018.94695	0.0	1003.2999	Attention
1020.4883	0.0	1003.2999	Attention
1021.10695	1.0	1020.9999	Love
1021.1657	0.0	1020.9999	Love
1021.19595	0.0	1020.9999	Love
1021.19725	0.0	1020.9999	Love
1021.1986	0.0	1020.9999	Love
1021.20625	1.0	1020.9999	Love
1021.22785	1.0	1020.9999	Love
1021.23555	1.0	1020.9999	Love
1021.24395	1.0	1020.9999	Love
1021.4572	1.0	1020.9999	Love
1021.49065	1.0	1020.9999	Love
1021.4984	1.0	1020.9999	Love
1021.54825	1.0	1020.9999	Love
1021.57345	1.0	1020.9999	Love
1021.59135	1.0	1020.9999	Love
1021.6256	1.0	1020.9999	Love
1021.6517	1.0	1020.9999	Love
1021.65905	1.0	1020.9999	Love
1021.71805	1.0	1020.9999	Love
1021.7453	1.0	1020.9999	Love
1021.77615	1.0	1020.9999	Love
1021.7896	1.0	1020.9999	Love
1021.80245	1.0	1020.9999	Love
1021.8075	1.0	1020.9999	Love
1021.8359	1.0	1020.9999	Love
1021.8565	1.0	1020.9999	Love
1021.86315	1.0	1020.9999	Love
1021.86875	1.0	1020.9999	Love
1021.88245	0.0	1020.9999	Love
1021.90525	1.0	1020.9999	Love
1021.92315	1.0	1020.9999	Love
1021.9294	1.0	1020.9999	Love
1021.94085	1.0	1020.9999	Love
1021.952	1.0	1020.9999	Love
1021.98535	1.0	1020.9999	Love
1022.0216	1.0	1020.9999	Love
1022.11565	1.0	1020.9999	Love
1023.26395	1.0	1020.9999	Love
1023.2875	1.0	1020.9999	Love
1023.304	1.0	1020.9999	Love
1023.325	1.0	1020.9999	Love
1023.34475	1.0	1020.9999	Love
1023.36145	1.0	1020.9999	Love
1023.3671	1.0	1020.9999	Love
1023.37805	1.0	1020.9999	Love
1023.38305	1.0	1020.9999	Love
1023.3927	1.0	1020.9999	Love
1023.4267	1.0	1020.9999	Love
1023.4459	1.0	1020.9999	Love
1023.45445	1.0	1020.9999	Love
1023.4829	1.0	1020.9999	Love
1023.4945	1.0	1020.9999	Love
1023.5167	1.0	1020.9999	Love
1023.55065	1.0	1020.9999	Love
1023.5735	1.0	1020.9999	Love
1023.5884	1.0	1020.9999	Love
1023.59605	1.0	1020.9999	Love
1023.6052	1.0	1020.9999	Love
1023.618	1.0	1020.9999	Love
1023.6749	1.0	1020.9999	Love
1023.71725	1.0	1020.9999	Love
1025.09005	1.0	1020.9999	Love
1025.10755	1.0	1020.9999	Love
1025.1273	1.0	1020.9999	Love
1025.1677	1.0	1020.9999	Love
1025.19	1.0	1020.9999	Love
1025.2389	1.0	1020.9999	Love
1025.24695	1.0	1020.9999	Love
1025.2544	1.0	1020.9999	Love
1025.2676	1.0	1020.9999	Love
1025.28195	1.0	1020.9999	Love
1025.29995	1.0	1020.9999	Love
1025.3064	1.0	1020.9999	Love
1025.32125	1.0	1020.9999	Love
1025.35995	1.0	1020.9999	Love
1025.3712	1.0	1020.9999	Love
1025.3945	1.0	1020.9999	Love
1025.4099	1.0	1020.9999	Love
1025.43335	1.0	1020.9999	Love
1025.4538	1.0	1020.9999	Love
1025.4707	1.0	1020.9999	Love
1025.4852	1.0	1020.9999	Love
1025.49675	1.0	1020.9999	Love
1025.53535	1.0	1020.9999	Love
1025.57805	1.0	1020.9999	Love
1025.60475	1.0	1020.9999	Love
1025.67595	1.0	1020.9999	Love
1025.76525	1.0	1020.9999	Love
1025.9427	1.0	1020.9999	Love
1027.2484	1.0	1020.9999	Love
1027.2558	1.0	1020.9999	Love
1027.2779	1.0	1020.9999	Love
1027.29035	1.0	1020.9999	Love
1027.3126	1.0	1020.9999	Love
1027.34565	1.0	1020.9999	Love
1027.37875	1.0	1020.9999	Love
1027.44535	1.0	1020.9999	Love
1027.4726	1.0	1020.9999	Love
1027.5068	1.0	1020.9999	Love
1027.51985	1.0	1020.9999	Love
1027.53495	1.0	1020.9999	Love
1027.72285	1.0	1020.9999	Love
1027.80665	1.0	1020.9999	Love
1029.07405	1.0	1020.9999	Love
1029.1098	1.0	1020.9999	Love
1029.1326	1.0	1020.9999	Love
1029.1372	1.0	1020.9999	Love
1029.14565	1.0	1020.9999	Love
1029.1526	1.0	1020.9999	Love
1029.16055	1.0	1020.9999	Love
1029.17445	1.0	1020.9999	Love
1029.2831	1.0	1020.9999	Love
1029.2978	1.0	1020.9999	Love
1029.37695	1.0	1020.9999	Love
1029.397	1.0	1020.9999	Love
1029.4118	1.0	1020.9999	Love
1029.4168	1.0	1020.9999	Love
1029.42635	1.0	1020.9999	Love
1029.43365	1.0	1020.9999	Love
1029.43975	1.0	1020.9999	Love
1029.45295	1.0	1020.9999	Love
1029.47355	1.0	1020.9999	Love
1029.4925	1.0	1020.9999	Love
1029.57165	1.0	1020.9999	Love
1029.60765	1.0	1020.9999	Love
1029.6321	1.0	1020.9999	Love
1029.6568	1.0	1020.9999	Love
1029.6683	1.0	1020.9999	Love
1029.68345	1.0	1020.9999	Love
1029.7001	1.0	1020.9999	Love
1029.7224	1.0	1020.9999	Love
1029.7435	1.0	1020.9999	Love
1029.75505	1.0	1020.9999	Love
1029.7801	1.0	1020.9999	Love
1029.80125	1.0	1020.9999	Love
1029.8334	1.0	1020.9999	Love
1029.86485	1.0	1020.9999	Love
1029.876	1.0	1020.9999	Love
1031.17085	1.0	1020.9999	Love
1031.20155	1.0	1020.9999	Love
1031.24055	1.0	1020.9999	Love
1031.255	1.0	1020.9999	Love
1031.2795	1.0	1020.9999	Love
1031.34885	1.0	1020.9999	Love
1031.3805	1.0	1020.9999	Love
1031.4308	1.0	1020.9999	Love
1031.4579	1.0	1020.9999	Love
1031.47675	1.0	1020.9999	Love
1031.49975	1.0	1020.9999	Love
1031.54705	1.0	1020.9999	Love
1031.59845	1.0	1020.9999	Love
1035.99675	0.0	1020.9999	Love
1035.9986	0.0	1020.9999	Love
1036.0343	0.0	1020.9999	Love
1036.28345	0.0	1020.9999	Love
1036.3063	0.0	1020.9999	Love
1036.6007	0.0	1020.9999	Love
1036.6019	0.0	1020.9999	Love
1036.61195	0.0	1020.9999	Love
1036.75195	0.0	1020.9999	Love
1036.75375	0.0	1020.9999	Love
1036.7654	0.0	1020.9999	Love
1036.90395	0.0	1020.9999	Love
1036.9146	0.0	1020.9999	Love
1036.96145	0.0	1020.9999	Love
1037.09675	0.0	1020.9999	Love
1037.1552	0.0	1020.9999	Love
1037.1711	0.0	1020.9999	Love
1037.20435	0.0	1020.9999	Love
1037.20555	0.0	1020.9999	Love
1038.0163	1.0	1037.9	Gratitude
1038.0419	1.0	1037.9	Gratitude
1038.05005	1.0	1037.9	Gratitude
1038.0546	1.0	1037.9	Gratitude
1038.0898	1.0	1037.9	Gratitude
1038.11675	1.0	1037.9	Gratitude
1038.13735	1.0	1037.9	Gratitude
1038.14235	1.0	1037.9	Gratitude
1038.14895	1.0	1037.9	Gratitude
1038.1587	1.0	1037.9	Gratitude
1038.16855	1.0	1037.9	Gratitude
1038.1757	1.0	1037.9	Gratitude
1038.1885	1.0	1037.9	Gratitude
1038.20985	1.0	1037.9	Gratitude
1038.25055	1.0	1037.9	Gratitude
1038.30885	1.0	1037.9	Gratitude
1038.36075	1.0	1037.9	Gratitude
1038.5483	1.0	1037.9	Gratitude
1038.91105	1.0	1037.9	Gratitude
1039.40815	1.0	1037.9	Gratitude
1039.46325	1.0	1037.9	Gratitude
1039.48895	1.0	1037.9	Gratitude
1039.69925	0.0	1037.9	Gratitude
1039.8056	1.0	1037.9	Gratitude
1039.91985	1.0	1037.9	Gratitude
1039.9361	1.0	1037.9	Gratitude
1039.96995	1.0	1037.9	Gratitude
1039.9734	0.0	1037.9	Gratitude
1040.03755	1.0	1037.9	Gratitude
1040.0429	1.0	1037.9	Gratitude
1040.0524	1.0	1037.9	Gratitude
1040.0627	1.0	1037.9	Gratitude
1040.1192	1.0	1037.9	Gratitude
1040.1317	1.0	1037.9	Gratitude
1040.14565	1.0	1037.9	Gratitude
1040.1636	1.0	1037.9	Gratitude
1040.174	1.0	1037.9	Gratitude
1040.18085	1.0	1037.9	Gratitude
1040.20815	1.0	1037.9	Gratitude
1040.2121	1.0	1037.9	Gratitude
1040.22675	1.0	1037.9	Gratitude
1040.23405	1.0	1037.9	Gratitude
1040.24425	1.0	1037.9	Gratitude
1040.26155	1.0	1037.9	Gratitude
1040.26655	1.0	1037.9	Gratitude
1040.32705	1.0	1037.9	Gratitude
1040.3721	1.0	1037.9	Gratitude
1040.38855	1.0	1037.9	Gratitude
1040.46675	1.0	1037.9	Gratitude
1040.578	1.0	1037.9	Gratitude
1040.6105	1.0	1037.9	Gratitude
1040.62625	1.0	1037.9	Gratitude
1040.65555	1.0	1037.9	Gratitude
1040.69675	1.0	1037.9	Gratitude
1040.7491	1.0	1037.9	Gratitude
1040.77735	1.0	1037.9	Gratitude
1040.93155	1.0	1037.9	Gratitude
1040.9942	1.0	1037.9	Gratitude
1041.0781	1.0	1037.9	Gratitude
1041.0859	1.0	1037.9	Gratitude
1041.09905	1.0	1037.9	Gratitude
1041.17045	1.0	1037.9	Gratitude
1041.18265	1.0	1037.9	Gratitude
1041.18685	1.0	1037.9	Gratitude
1041.24355	1.0	1037.9	Gratitude
1041.2729	0.0	1037.9	Gratitude
1041.3024	1.0	1037.9	Gratitude
1041.3417	1.0	1037.9	Gratitude
1041.37035	1.0	1037.9	Gratitude
1041.3851	1.0	1037.9	Gratitude
1041.4008	1.0	1037.9	Gratitude
1041.5744	1.0	1037.9	Gratitude
1041.6598	1.0	1037.9	Gratitude
1041.6735	1.0	1037.9	Gratitude
1041.6996	1.0	1037.9	Gratitude
1041.75045	1.0	1037.9	Gratitude
1041.8024	0.0	1037.9	Gratitude
1041.83475	1.0	1037.9	Gratitude
1042.65545	1.0	1037.9	Gratitude
1042.66695	1.0	1037.9	Gratitude
1043.48145	1.0	1037.9	Gratitude
1043.61785	1.0	1037.9	Gratitude
1043.8801	1.0	1037.9	Gratitude
1043.91665	1.0	1037.9	Gratitude
1043.958	1.0	1037.9	Gratitude
1043.9699	1.0	1037.9	Gratitude
1043.9874	1.0	1037.9	Gratitude
1043.99315	1.0	1037.9	Gratitude
1043.99975	1.0	1037.9	Gratitude
1044.0252	1.0	1037.9	Gratitude
1044.03535	1.0	1037.9	Gratitude
1044.03995	1.0	1037.9	Gratitude
1044.06955	1.0	1037.9	Gratitude
1044.08175	1.0	1037.9	Gratitude
1044.17605	1.0	1037.9	Gratitude
1044.18405	1.0	1037.9	Gratitude
1044.19275	1.0	1037.9	Gratitude
1044.19885	1.0	1037.9	Gratitude
1044.28285	1.0	1037.9	Gratitude
1044.2916	1.0	1037.9	Gratitude
1044.5026	1.0	1037.9	Gratitude
1044.5342	1.0	1037.9	Gratitude
1044.54085	1.0	1037.9	Gratitude
1044.57595	1.0	1037.9	Gratitude
1044.59665	1.0	1037.9	Gratitude
1044.6463	1.0	1037.9	Gratitude
1044.6732	1.0	1037.9	Gratitude
1044.6786	1.0	1037.9	Gratitude
1044.68565	1.0	1037.9	Gratitude
1044.6915	1.0	1037.9	Gratitude
1044.7076	1.0	1037.9	Gratitude
1044.7203	1.0	1037.9	Gratitude
1044.79515	1.0	1037.9	Gratitude
1044.80355	1.0	1037.9	Gratitude
1044.8081	1.0	1037.9	Gratitude
1044.82365	1.0	1037.9	Gratitude
1044.878	1.0	1037.9	Gratitude
1044.89645	1.0	1037.9	Gratitude
1045.0246	1.0	1037.9	Gratitude
1045.033	1.0	1037.9	Gratitude
1045.0596	1.0	1037.9	Gratitude
1045.0766	1.0	1037.9	Gratitude
1045.11645	1.0	1037.9	Gratitude
1045.1605	1.0	1037.9	Gratitude
1045.16695	1.0	1037.9	Gratitude
1045.2138	1.0	1037.9	Gratitude
1045.3003	1.0	1037.9	Gratitude
1045.35425	1.0	1037.9	Gratitude
1045.36585	1.0	1037.9	Gratitude
1045.467	1.0	1037.9	Gratitude
1045.5273	1.0	1037.9	Gratitude
1046.19725	1.0	1037.9	Gratitude
1046.6744	0.0	1037.9	Gratitude
1047.149	1.0	1037.9	Gratitude
1047.1539	1.0	1037.9	Gratitude
1047.70545	1.0	1037.9	Gratitude
1047.7921	1.0	1037.9	Gratitude
1047.8112	1.0	1037.9	Gratitude
1047.85305	1.0	1037.9	Gratitude
1047.893	1.0	1037.9	Gratitude
1047.89985	1.0	1037.9	Gratitude
1047.92645	1.0	1037.9	Gratitude
1047.9461	1.0	1037.9	Gratitude
1047.95445	1.0	1037.9	Gratitude
1048.44715	0.0	1037.9	Gratitude
1048.4566	0.0	1037.9	Gratitude
1048.45765	0.0	1037.9	Gratitude
1053.2333	0.0	1053.04	Sadness
1053.2345	0.0	1053.04	Sadness
1053.24725	0.0	1053.04	Sadness
1053.27995	1.0	1053.04	Sadness
1053.41565	1.0	1053.04	Sadness
1054.0926	0.0	1053.04	Sadness
1054.37775	1.0	1053.04	Sadness
1055.7585	1.0	1053.04	Sadness
1055.7979	1.0	1053.04	Sadness
1056.4909	1.0	1053.04	Sadness
1056.51305	1.0	1053.04	Sadness
1056.5807	1.0	1053.04	Sadness
1059.1393	1.0	1053.04	Sadness
1059.20095	1.0	1053.04	Sadness
1059.23735	1.0	1053.04	Sadness
1059.24255	1.0	1053.04	Sadness
1060.2091	1.0	1053.04	Sadness
1060.25365	1.0	1053.04	Sadness
1063.1952	1.0	1053.04	Sadness
1063.2199	1.0	1053.04	Sadness
1063.22755	1.0	1053.04	Sadness
1063.2448	1.0	1053.04	Sadness
1063.26465	1.0	1053.04	Sadness
1063.3526	1.0	1053.04	Sadness
1063.35835	1.0	1053.04	Sadness
1064.05765	1.0	1053.04	Sadness
1066.39045	0.0	1053.04	Sadness
1066.4119	1.0	1053.04	Sadness
1066.4303	1.0	1053.04	Sadness
1066.43425	1.0	1053.04	Sadness
1066.4411	1.0	1053.04	Sadness
1066.4563	1.0	1053.04	Sadness
1066.4762	1.0	1053.04	Sadness
1066.48055	1.0	1053.04	Sadness
1068.6215	0.0	1053.04	Sadness
1068.6226	0.0	1053.04	Sadness
1068.9729	0.0	1053.04	Sadness
1068.974	0.0	1053.04	Sadness
1072.2629	1.0	1072.06	Happiness
1072.3166	0.0	1072.06	Happiness
1072.65475	1.0	1072.06	Happiness
1072.7274	1.0	1072.06	Happiness
1072.82665	1.0	1072.06	Happiness
1072.89485	1.0	1072.06	Happiness
1072.96625	1.0	1072.06	Happiness
1072.97055	1.0	1072.06	Happiness
1073.11345	1.0	1072.06	Happiness
1073.1506	1.0	1072.06	Happiness
1073.28115	1.0	1072.06	Happiness
1073.28755	1.0	1072.06	Happiness
1074.13365	1.0	1072.06	Happiness
1074.14095	1.0	1072.06	Happiness
1074.2332	1.0	1072.06	Happiness
1074.24335	1.0	1072.06	Happiness
1074.2958	1.0	1072.06	Happiness
1074.4671	1.0	1072.06	Happiness
1074.47115	1.0	1072.06	Happiness
1074.55785	1.0	1072.06	Happiness
1074.5842	1.0	1072.06	Happiness
1074.65265	1.0	1072.06	Happiness
1074.74545	1.0	1072.06	Happiness
1074.90335	1.0	1072.06	Happiness
1074.90775	1.0	1072.06	Happiness
1075.0523	1.0	1072.06	Happiness
1075.1024	1.0	1072.06	Happiness
1075.1264	1.0	1072.06	Happiness
1075.4292	1.0	1072.06	Happiness
1076.01255	1.0	1072.06	Happiness
1076.11615	1.0	1072.06	Happiness
1076.4857	1.0	1072.06	Happiness
1076.49145	1.0	1072.06	Happiness
1076.63535	1.0	1072.06	Happiness
1077.1142	1.0	1072.06	Happiness
1077.25055	1.0	1072.06	Happiness
1077.2726	0.0	1072.06	Happiness
1077.3761	1.0	1072.06	Happiness
1077.4006	1.0	1072.06	Happiness
1077.43635	1.0	1072.06	Happiness
1077.44485	1.0	1072.06	Happiness
1077.48615	1.0	1072.06	Happiness
1077.516	1.0	1072.06	Happiness
1078.43595	1.0	1072.06	Happiness
1078.44455	1.0	1072.06	Happiness
1078.45745	1.0	1072.06	Happiness
1078.5017	1.0	1072.06	Happiness
1078.5419	1.0	1072.06	Happiness
1078.8148	1.0	1072.06	Happiness
1078.8545	1.0	1072.06	Happiness
1078.85955	1.0	1072.06	Happiness
1078.9004	1.0	1072.06	Happiness
1078.99565	1.0	1072.06	Happiness
1079.00885	1.0	1072.06	Happiness
1079.092	1.0	1072.06	Happiness
1079.1084	1.0	1072.06	Happiness
1079.13165	1.0	1072.06	Happiness
1079.6679	1.0	1072.06	Happiness
1080.4161	0.0	1072.06	Happiness
1080.6347	1.0	1072.06	Happiness
1080.69275	1.0	1072.06	Happiness
1080.72075	1.0	1072.06	Happiness
1080.7262	1.0	1072.06	Happiness
1080.7304	1.0	1072.06	Happiness
1080.74395	1.0	1072.06	Happiness
1080.8238	1.0	1072.06	Happiness
1080.92955	1.0	1072.06	Happiness
1080.93465	1.0	1072.06	Happiness
1081.02215	1.0	1072.06	Happiness
1081.0702	1.0	1072.06	Happiness
1081.1945	1.0	1072.06	Happiness
1081.201	1.0	1072.06	Happiness
1081.23265	1.0	1072.06	Happiness
1081.2528	1.0	1072.06	Happiness
1081.25705	1.0	1072.06	Happiness
1081.32795	1.0	1072.06	Happiness
1081.33325	1.0	1072.06	Happiness
1081.35665	1.0	1072.06	Happiness
1081.36815	1.0	1072.06	Happiness
1081.5063	1.0	1072.06	Happiness
1081.59525	1.0	1072.06	Happiness
1081.61055	0.0	1072.06	Happiness
1081.6215	1.0	1072.06	Happiness
1082.61275	1.0	1072.06	Happiness
1082.64085	1.0	1072.06	Happiness
1082.69155	1.0	1072.06	Happiness
1082.7018	1.0	1072.06	Happiness
1082.7506	1.0	1072.06	Happiness
1083.00825	1.0	1072.06	Happiness
1083.0492	1.0	1072.06	Happiness
1083.13005	1.0	1072.06	Happiness
1083.4079	1.0	1072.06	Happiness
1083.4348	1.0	1072.06	Happiness
1083.5264	1.0	1072.06	Happiness
1083.6499	1.0	1072.06	Happiness
1083.71025	1.0	1072.06	Happiness
1084.43725	1.0	1072.06	Happiness
1084.4655	1.0	1072.06	Happiness
1084.5409	1.0	1072.06	Happiness
1084.54595	1.0	1072.06	Happiness
1084.75115	1.0	1072.06	Happiness
1084.9366	1.0	1072.06	Happiness
1091.4921	1.0	1091.41	Calming
1091.7062	1.0	1091.41	Calming
1091.7113	1.0	1091.41	Calming
1091.7308	1.0	1091.41	Calming
1091.75875	1.0	1091.41	Calming
1091.7683	1.0	1091.41	Calming
1091.7914	1.0	1091.41	Calming
1091.8003	1.0	1091.41	Calming
1091.82245	1.0	1091.41	Calming
1091.8287	0.0	1091.41	Calming
1091.85265	1.0	1091.41	Calming
1091.8853	1.0	1091.41	Calming
1091.9094	1.0	1091.41	Calming
1091.96065	1.0	1091.41	Calming
1092.1178	1.0	1091.41	Calming
1092.1994	1.0	1091.41	Calming
1092.2506	1.0	1091.41	Calming
1092.2913	1.0	1091.41	Calming
1092.36575	1.0	1091.41	Calming
1092.3859	1.0	1091.41	Calming
1092.39585	1.0	1091.41	Calming
1092.4095	1.0	1091.41	Calming
1092.4304	1.0	1091.41	Calming
1092.4664	1.0	1091.41	Calming
1092.48595	1.0	1091.41	Calming
1092.51275	1.0	1091.41	Calming
1092.53175	1.0	1091.41	Calming
1092.56395	1.0	1091.41	Calming
1092.59145	1.0	1091.41	Calming
1092.61805	1.0	1091.41	Calming
1092.62115	0.0	1091.41	Calming
1092.6572	1.0	1091.41	Calming
1092.6906	1.0	1091.41	Calming
1092.87825	1.0	1091.41	Calming
1092.95265	1.0	1091.41	Calming
1092.9769	1.0	1091.41	Calming
1093.0178	1.0	1091.41	Calming
1093.05425	1.0	1091.41	Calming
1094.9517	1.0	1091.41	Calming
1094.99625	1.0	1091.41	Calming
1095.10835	1.0	1091.41	Calming
1095.14745	1.0	1091.41	Calming
1095.15745	1.0	1091.41	Calming
1095.16535	1.0	1091.41	Calming
1095.2098	1.0	1091.41	Calming
1095.2333	1.0	1091.41	Calming
1095.25375	1.0	1091.41	Calming
1095.26995	1.0	1091.41	Calming
1095.2876	1.0	1091.41	Calming
1095.43195	1.0	1091.41	Calming
1095.4886	1.0	1091.41	Calming
1095.53	1.0	1091.41	Calming
1095.5848	1.0	1091.41	Calming
1095.64325	1.0	1091.41	Calming
1095.7311	0.0	1091.41	Calming
1095.89535	1.0	1091.41	Calming
1095.98655	1.0	1091.41	Calming
1096.0056	1.0	1091.41	Calming
1096.07425	1.0	1091.41	Calming
1096.1212	1.0	1091.41	Calming
1096.14345	1.0	1091.41	Calming
1096.258	1.0	1091.41	Calming
1096.2862	1.0	1091.41	Calming
1096.45385	0.0	1091.41	Calming
1096.49385	1.0	1091.41	Calming
1096.5844	1.0	1091.41	Calming
1097.00805	1.0	1091.41	Calming
1098.16605	1.0	1091.41	Calming
1098.2126	1.0	1091.41	Calming
1098.397	1.0	1091.41	Calming
1098.4282	1.0	1091.41	Calming
1098.4808	1.0	1091.41	Calming
1098.55535	1.0	1091.41	Calming
1098.57945	1.0	1091.41	Calming
1098.5855	1.0	1091.41	Calming
1098.625	1.0	1091.41	Calming
1098.6604	1.0	1091.41	Calming
1098.68645	1.0	1091.41	Calming
1098.7381	1.0	1091.41	Calming
1098.7964	1.0	1091.41	Calming
1098.8112	1.0	1091.41	Calming
1098.8487	1.0	1091.41	Calming
1098.8569	1.0	1091.41	Calming
1098.86445	1.0	1091.41	Calming
1098.92545	0.0	1091.41	Calming
1099.04835	1.0	1091.41	Calming
1099.0827	1.0	1091.41	Calming
1099.3446	1.0	1091.41	Calming
1099.3656	1.0	1091.41	Calming
1099.4462	1.0	1091.41	Calming
1099.4891	1.0	1091.41	Calming
1099.58675	1.0	1091.41	Calming
1099.5978	1.0	1091.41	Calming
1099.6832	1.0	1091.41	Calming
1099.86185	1.0	1091.41	Calming
1099.98935	1.0	1091.41	Calming
1100.0316	1.0	1091.41	Calming
1101.78795	1.0	1091.41	Calming
1101.8169	1.0	1091.41	Calming
1101.88845	1.0	1091.41	Calming
1101.9535	1.0	1091.41	Calming
1102.003	1.0	1091.41	Calming
1102.07935	1.0	1091.41	Calming
1102.10605	1.0	1091.41	Calming
1102.12365	1.0	1091.41	Calming
1102.1455	1.0	1091.41	Calming
1102.15895	1.0	1091.41	Calming
1102.16965	0.0	1091.41	Calming
1102.1973	0.0	1091.41	Calming
1102.19835	0.0	1091.41	Calming
1102.23985	1.0	1091.41	Calming
1102.25595	1.0	1091.41	Calming
1102.27	0.0	1091.41	Calming
1102.3219	1.0	1091.41	Calming
1102.3919	1.0	1091.41	Calming
1102.42055	1.0	1091.41	Calming
1102.44405	1.0	1091.41	Calming
1102.49415	1.0	1091.41	Calming
1102.5305	1.0	1091.41	Calming
1102.6105	1.0	1091.41	Calming
1102.63615	1.0	1091.41	Calming
1102.822	1.0	1091.41	Calming
1102.8532	1.0	1091.41	Calming
1102.8697	1.0	1091.41	Calming
1102.8826	1.0	1091.41	Calming
1103.0065	1.0	1091.41	Calming
1103.03905	1.0	1091.41	Calming
1103.12205	1.0	1091.41	Calming
1103.15055	1.0	1091.41	Calming
1103.1953	1.0	1091.41	Calming
1103.2157	1.0	1091.41	Calming
1103.2203	1.0	1091.41	Calming
1103.2791	1.0	1091.41	Calming
1103.29885	1.0	1091.41	Calming
1103.3189	1.0	1091.41	Calming
1103.4745	1.0	1091.41	Calming
1103.5259	1.0	1091.41	Calming
1103.6927	1.0	1091.41	Calming
1103.72895	0.0	1091.41	Calming
1105.8463	0.0	1091.41	Calming
1115.41535	0.0	 	 
1115.4556	0.0	 	 
1115.9181	0.0	 	 
1115.91925	0.0	 	 
1116.13315	0.0	 	 
1116.1623	0.0	 	 
1116.1653	0.0	 	 
1116.1817	0.0	 	 
1116.77685	0.0	 	 
1119.5662	1.0	1119.355	Attention
1119.57305	1.0	1119.355	Attention
1119.57835	1.0	1119.355	Attention
1119.6302	1.0	1119.355	Attention
1119.6466	1.0	1119.355	Attention
1119.6513	1.0	1119.355	Attention
1119.8234	1.0	1119.355	Attention
1119.8268	1.0	1119.355	Attention
1119.83065	1.0	1119.355	Attention
1119.8972	1.0	1119.355	Attention
1120.0572	1.0	1119.355	Attention
1120.3053	1.0	1119.355	Attention
1120.30855	1.0	1119.355	Attention
1120.3128	1.0	1119.355	Attention
1120.39295	1.0	1119.355	Attention
1121.2466	1.0	1119.355	Attention
1121.25025	1.0	1119.355	Attention
1121.25355	1.0	1119.355	Attention
1121.33735	1.0	1119.355	Attention
1121.47845	0.0	1119.355	Attention
1121.5135	1.0	1119.355	Attention
1121.5217	1.0	1119.355	Attention
1121.5934	1.0	1119.355	Attention
1121.75885	1.0	1119.355	Attention
1121.99775	1.0	1119.355	Attention
1122.00205	1.0	1119.355	Attention
1122.00645	1.0	1119.355	Attention
1122.1083	1.0	1119.355	Attention
1123.03015	1.0	1119.355	Attention
1123.0334	1.0	1119.355	Attention
1123.03625	1.0	1119.355	Attention
1123.1235	1.0	1119.355	Attention
1123.28685	1.0	1119.355	Attention
1123.2904	1.0	1119.355	Attention
1123.3933	1.0	1119.355	Attention
1123.5382	1.0	1119.355	Attention
1123.54665	1.0	1119.355	Attention
1123.61835	0.0	1119.355	Attention
1123.62405	1.0	1119.355	Attention
1123.6314	0.0	1119.355	Attention
1123.6445	1.0	1119.355	Attention
1123.7948	1.0	1119.355	Attention
1123.80535	1.0	1119.355	Attention
1123.8984	1.0	1119.355	Attention
1124.8505	1.0	1119.355	Attention
1124.8576	1.0	1119.355	Attention
1124.9091	1.0	1119.355	Attention
1124.9325	1.0	1119.355	Attention
1125.0967	1.0	1119.355	Attention
1125.10015	1.0	1119.355	Attention
1125.1054	1.0	1119.355	Attention
1125.1744	1.0	1119.355	Attention
1125.3618	1.0	1119.355	Attention
1125.3657	1.0	1119.355	Attention
1125.3709	1.0	1119.355	Attention
1125.4356	1.0	1119.355	Attention
1125.62905	1.0	1119.355	Attention
1125.6331	1.0	1119.355	Attention
1125.638	1.0	1119.355	Attention
1125.72915	1.0	1119.355	Attention
1126.612	1.0	1119.355	Attention
1126.61535	1.0	1119.355	Attention
1126.61885	1.0	1119.355	Attention
1126.70215	1.0	1119.355	Attention
1126.8769	1.0	1119.355	Attention
1126.88095	1.0	1119.355	Attention
1126.95665	1.0	1119.355	Attention
1126.9699	1.0	1119.355	Attention
1127.11275	1.0	1119.355	Attention
1127.11725	1.0	1119.355	Attention
1127.20515	1.0	1119.355	Attention
1127.40015	1.0	1119.355	Attention
1127.40885	1.0	1119.355	Attention
1127.57245	1.0	1119.355	Attention
1127.57865	1.0	1119.355	Attention
1128.4099	1.0	1119.355	Attention
1128.41885	1.0	1119.355	Attention
1128.50395	1.0	1119.355	Attention
1128.5083	1.0	1119.355	Attention
1128.69265	1.0	1119.355	Attention
1128.69705	1.0	1119.355	Attention
1128.70185	1.0	1119.355	Attention
1128.77895	1.0	1119.355	Attention
1128.78445	1.0	1119.355	Attention
1128.93915	1.0	1119.355	Attention
1128.94925	1.0	1119.355	Attention
1129.02595	1.0	1119.355	Attention
1134.10775	1.0	1134.097	Love
1134.20045	1.0	1134.097	Love
1134.21795	1.0	1134.097	Love
1134.23085	1.0	1134.097	Love
1134.2378	1.0	1134.097	Love
1134.28345	1.0	1134.097	Love
1134.31275	1.0	1134.097	Love
1134.32155	1.0	1134.097	Love
1134.3329	1.0	1134.097	Love
1134.35205	1.0	1134.097	Love
1134.37905	1.0	1134.097	Love
1134.41105	1.0	1134.097	Love
1134.41985	1.0	1134.097	Love
1134.43245	1.0	1134.097	Love
1134.44755	1.0	1134.097	Love
1134.47315	1.0	1134.097	Love
1134.4859	1.0	1134.097	Love
1134.50125	1.0	1134.097	Love
1134.5103	1.0	1134.097	Love
1134.5364	1.0	1134.097	Love
1134.5537	1.0	1134.097	Love
1134.56235	1.0	1134.097	Love
1136.08595	1.0	1134.097	Love
1136.1362	1.0	1134.097	Love
1136.1552	1.0	1134.097	Love
1136.18915	1.0	1134.097	Love
1136.2271	1.0	1134.097	Love
1136.23205	1.0	1134.097	Love
1136.24745	1.0	1134.097	Love
1136.25325	1.0	1134.097	Love
1136.26525	1.0	1134.097	Love
1136.2773	1.0	1134.097	Love
1136.2973	1.0	1134.097	Love
1136.3184	1.0	1134.097	Love
1136.36745	1.0	1134.097	Love
1136.39255	1.0	1134.097	Love
1136.402	1.0	1134.097	Love
1136.42145	1.0	1134.097	Love
1136.42985	1.0	1134.097	Love
1136.4599	1.0	1134.097	Love
1136.4924	1.0	1134.097	Love
1136.50285	1.0	1134.097	Love
1136.52775	1.0	1134.097	Love
1136.5991	1.0	1134.097	Love
1136.64315	1.0	1134.097	Love
1136.74625	1.0	1134.097	Love
1136.8839	1.0	1134.097	Love
1136.96235	1.0	1134.097	Love
1136.97375	1.0	1134.097	Love
1136.9821	1.0	1134.097	Love
1137.0192	1.0	1134.097	Love
1137.0233	1.0	1134.097	Love
1137.0273	1.0	1134.097	Love
1137.0319	1.0	1134.097	Love
1137.0435	1.0	1134.097	Love
1138.0879	1.0	1134.097	Love
1138.1283	1.0	1134.097	Love
1138.13585	1.0	1134.097	Love
1138.1613	1.0	1134.097	Love
1138.18885	1.0	1134.097	Love
1138.22005	1.0	1134.097	Love
1138.2779	1.0	1134.097	Love
1138.30245	1.0	1134.097	Love
1138.32915	1.0	1134.097	Love
1138.40925	1.0	1134.097	Love
1138.5164	0.0	1134.097	Love
1138.5177	0.0	1134.097	Love
1138.52945	0.0	1134.097	Love
1138.53095	0.0	1134.097	Love
1138.54435	0.0	1134.097	Love
1138.5601	0.0	1134.097	Love
1138.5954	1.0	1134.097	Love
1138.6558	1.0	1134.097	Love
1138.68085	0.0	1134.097	Love
1138.68315	0.0	1134.097	Love
1138.7191	0.0	1134.097	Love
1138.7479	0.0	1134.097	Love
1138.7662	1.0	1134.097	Love
1138.77755	1.0	1134.097	Love
1139.97595	0.0	1134.097	Love
1140.06905	1.0	1134.097	Love
1140.0943	1.0	1134.097	Love
1140.10575	0.0	1134.097	Love
1140.11565	1.0	1134.097	Love
1140.12705	0.0	1134.097	Love
1140.13875	1.0	1134.097	Love
1140.22615	1.0	1134.097	Love
1140.3255	1.0	1134.097	Love
1140.34435	1.0	1134.097	Love
1140.357	0.0	1134.097	Love
1140.36845	0.0	1134.097	Love
1140.3887	1.0	1134.097	Love
1140.4209	1.0	1134.097	Love
1140.43215	1.0	1134.097	Love
1140.4383	1.0	1134.097	Love
1140.4866	1.0	1134.097	Love
1140.51695	1.0	1134.097	Love
1140.53985	1.0	1134.097	Love
1140.60115	1.0	1134.097	Love
1140.6063	1.0	1134.097	Love
1140.6344	1.0	1134.097	Love
1140.64025	1.0	1134.097	Love
1140.6977	1.0	1134.097	Love
1140.75985	0.0	1134.097	Love
1140.76215	0.0	1134.097	Love
1140.78315	0.0	1134.097	Love
1140.79415	0.0	1134.097	Love
1140.79615	0.0	1134.097	Love
1140.80615	0.0	1134.097	Love
1140.80845	0.0	1134.097	Love
1140.82185	0.0	1134.097	Love
1140.836	0.0	1134.097	Love
1140.83755	0.0	1134.097	Love
1140.89375	0.0	1134.097	Love
1141.00425	0.0	1134.097	Love
1141.00535	0.0	1134.097	Love
1141.0176	0.0	1134.097	Love
1141.1114	0.0	1134.097	Love
1141.156	0.0	1134.097	Love
1141.1812	0.0	1134.097	Love
1141.18795	0.0	1134.097	Love
1141.24135	0.0	1134.097	Love
1141.34545	0.0	1134.097	Love
1141.69055	0.0	1134.097	Love
1141.7346	0.0	1134.097	Love
1141.75195	0.0	1134.097	Love
1141.76415	0.0	1134.097	Love
1141.83	0.0	1134.097	Love
1141.83375	0.0	1134.097	Love
1141.8356	0.0	1134.097	Love
1142.4552	1.0	1134.097	Love
1142.50615	1.0	1134.097	Love
1142.5463	1.0	1134.097	Love
1142.5894	1.0	1134.097	Love
1142.59985	1.0	1134.097	Love
1142.77785	1.0	1134.097	Love
1142.84	1.0	1134.097	Love
1142.86895	1.0	1134.097	Love
1142.924	1.0	1134.097	Love
1143.0463	1.0	1134.097	Love
1143.09595	1.0	1134.097	Love
1143.12755	1.0	1134.097	Love
1143.1459	1.0	1134.097	Love
1143.2169	1.0	1134.097	Love
1143.24415	1.0	1134.097	Love
1143.2913	1.0	1134.097	Love
1143.34525	1.0	1134.097	Love
1143.3546	1.0	1134.097	Love
1143.3861	1.0	1134.097	Love
1143.3966	1.0	1134.097	Love
1144.8916	1.0	1134.097	Love
1144.9739	1.0	1134.097	Love
1144.99385	1.0	1134.097	Love
1145.0741	1.0	1134.097	Love
1145.08375	1.0	1134.097	Love
1145.1069	1.0	1134.097	Love
1145.1185	1.0	1134.097	Love
1145.17185	1.0	1134.097	Love
1145.18215	1.0	1134.097	Love
1145.2078	1.0	1134.097	Love
1145.21435	1.0	1134.097	Love
1145.22765	1.0	1134.097	Love
1145.2496	1.0	1134.097	Love
1145.25575	1.0	1134.097	Love
1145.27425	1.0	1134.097	Love
1145.27895	1.0	1134.097	Love
1145.28785	1.0	1134.097	Love
1145.33	1.0	1134.097	Love
1145.3942	1.0	1134.097	Love
1145.4206	1.0	1134.097	Love
1145.43195	1.0	1134.097	Love
1145.4618	1.0	1134.097	Love
1145.4947	1.0	1134.097	Love
1145.5026	1.0	1134.097	Love
1145.5286	1.0	1134.097	Love
1145.53645	1.0	1134.097	Love
1145.6026	1.0	1134.097	Love
1145.6752	1.0	1134.097	Love
1145.7256	1.0	1134.097	Love
1145.76605	1.0	1134.097	Love
1145.7934	1.0	1134.097	Love
1145.81105	1.0	1134.097	Love
1145.83005	1.0	1134.097	Love
1145.89455	1.0	1134.097	Love
1145.92345	1.0	1134.097	Love
1145.9336	1.0	1134.097	Love
1145.95455	1.0	1134.097	Love
1146.0139	1.0	1134.097	Love
1146.0359	1.0	1134.097	Love
1146.04065	1.0	1134.097	Love
1147.31555	1.0	1134.097	Love
1147.35525	1.0	1134.097	Love
1147.39205	1.0	1134.097	Love
1147.41495	1.0	1134.097	Love
1147.4621	1.0	1134.097	Love
1147.7093	1.0	1134.097	Love
1147.7199	1.0	1134.097	Love
1147.743	1.0	1134.097	Love
1147.81785	1.0	1134.097	Love
1148.12265	1.0	1134.097	Love
1148.18205	1.0	1134.097	Love
1148.3279	1.0	1134.097	Love
1154.61275	1.0	1154.588	Gratitude
1154.6266	0.0	1154.588	Gratitude
1154.84155	0.0	1154.588	Gratitude
1154.9583	0.0	1154.588	Gratitude
1154.9599	0.0	1154.588	Gratitude
1155.0242	1.0	1154.588	Gratitude
1155.0979	1.0	1154.588	Gratitude
1155.1544	1.0	1154.588	Gratitude
1156.0183	1.0	1154.588	Gratitude
1156.029	1.0	1154.588	Gratitude
1156.1824	0.0	1154.588	Gratitude
1156.18415	0.0	1154.588	Gratitude
1156.19585	0.0	1154.588	Gratitude
1156.6934	0.0	1154.588	Gratitude
1156.69445	0.0	1154.588	Gratitude
1156.74655	0.0	1154.588	Gratitude
1156.8039	1.0	1154.588	Gratitude
1156.81505	1.0	1154.588	Gratitude
1156.8609	1.0	1154.588	Gratitude
1156.9051	1.0	1154.588	Gratitude
1156.9658	1.0	1154.588	Gratitude
1156.98865	1.0	1154.588	Gratitude
1157.01	1.0	1154.588	Gratitude
1157.01835	1.0	1154.588	Gratitude
1157.03225	1.0	1154.588	Gratitude
1157.07395	1.0	1154.588	Gratitude
1157.1029	1.0	1154.588	Gratitude
1157.13525	1.0	1154.588	Gratitude
1157.1492	1.0	1154.588	Gratitude
1157.16845	1.0	1154.588	Gratitude
1157.1739	1.0	1154.588	Gratitude
1157.18745	1.0	1154.588	Gratitude
1157.219	1.0	1154.588	Gratitude
1157.2266	1.0	1154.588	Gratitude
1157.23615	1.0	1154.588	Gratitude
1157.24745	1.0	1154.588	Gratitude
1157.25345	1.0	1154.588	Gratitude
1157.26345	1.0	1154.588	Gratitude
1157.2878	1.0	1154.588	Gratitude
1157.47045	1.0	1154.588	Gratitude
1157.56445	1.0	1154.588	Gratitude
1157.58065	1.0	1154.588	Gratitude
1157.59355	1.0	1154.588	Gratitude
1157.6286	1.0	1154.588	Gratitude
1157.63835	1.0	1154.588	Gratitude
1157.644	1.0	1154.588	Gratitude
1157.6495	1.0	1154.588	Gratitude
1157.6596	1.0	1154.588	Gratitude
1157.6731	1.0	1154.588	Gratitude
1157.6797	1.0	1154.588	Gratitude
1157.6978	1.0	1154.588	Gratitude
1157.70515	1.0	1154.588	Gratitude
1157.70935	1.0	1154.588	Gratitude
1157.7228	1.0	1154.588	Gratitude
1157.75605	1.0	1154.588	Gratitude
1157.92325	1.0	1154.588	Gratitude
1157.93185	1.0	1154.588	Gratitude
1157.95735	1.0	1154.588	Gratitude
1157.9816	1.0	1154.588	Gratitude
1158.0048	1.0	1154.588	Gratitude
1158.01685	1.0	1154.588	Gratitude
1158.1276	1.0	1154.588	Gratitude
1158.2354	1.0	1154.588	Gratitude
1158.24435	0.0	1154.588	Gratitude
1158.24565	0.0	1154.588	Gratitude
1158.27905	1.0	1154.588	Gratitude
1158.34285	1.0	1154.588	Gratitude
1158.4133	1.0	1154.588	Gratitude
1158.54435	0.0	1154.588	Gratitude
1158.56145	0.0	1154.588	Gratitude
1158.59885	1.0	1154.588	Gratitude
1158.76455	1.0	1154.588	Gratitude
1158.8066	1.0	1154.588	Gratitude
1159.8054	1.0	1154.588	Gratitude
1159.8663	0.0	1154.588	Gratitude
1159.8673	0.0	1154.588	Gratitude
1159.87925	0.0	1154.588	Gratitude
1159.96095	1.0	1154.588	Gratitude
1160.2567	1.0	1154.588	Gratitude
1161.12075	1.0	1154.588	Gratitude
1161.2747	0.0	1154.588	Gratitude
1161.50535	0.0	1154.588	Gratitude
1161.82715	1.0	1154.588	Gratitude
1161.83675	1.0	1154.588	Gratitude
1161.85795	1.0	1154.588	Gratitude
1161.9141	1.0	1154.588	Gratitude
1161.9325	1.0	1154.588	Gratitude
1161.9434	1.0	1154.588	Gratitude
1161.95135	1.0	1154.588	Gratitude
1161.9582	1.0	1154.588	Gratitude
1161.9689	1.0	1154.588	Gratitude
1162.05845	1.0	1154.588	Gratitude
1162.0627	1.0	1154.588	Gratitude
1162.0875	1.0	1154.588	Gratitude
1162.10465	1.0	1154.588	Gratitude
1162.11455	1.0	1154.588	Gratitude
1162.13415	1.0	1154.588	Gratitude
1162.1448	1.0	1154.588	Gratitude
1162.1606	0.0	1154.588	Gratitude
1162.20895	1.0	1154.588	Gratitude
1162.26505	1.0	1154.588	Gratitude
1162.27465	1.0	1154.588	Gratitude
1162.28605	1.0	1154.588	Gratitude
1162.29855	1.0	1154.588	Gratitude
1162.30815	1.0	1154.588	Gratitude
1162.3251	1.0	1154.588	Gratitude
1162.33075	1.0	1154.588	Gratitude
1162.369	0.0	1154.588	Gratitude
1162.3943	1.0	1154.588	Gratitude
1162.43515	1.0	1154.588	Gratitude
1162.45815	1.0	1154.588	Gratitude
1162.48295	1.0	1154.588	Gratitude
1162.4961	1.0	1154.588	Gratitude
1162.50075	1.0	1154.588	Gratitude
1162.50725	1.0	1154.588	Gratitude
1162.51455	1.0	1154.588	Gratitude
1162.51925	1.0	1154.588	Gratitude
1162.5306	1.0	1154.588	Gratitude
1162.53965	1.0	1154.588	Gratitude
1162.58725	1.0	1154.588	Gratitude
1162.6003	1.0	1154.588	Gratitude
1162.60455	1.0	1154.588	Gratitude
1162.61045	1.0	1154.588	Gratitude
1162.6183	0.0	1154.588	Gratitude
1162.6341	0.0	1154.588	Gratitude
1162.63565	0.0	1154.588	Gratitude
1162.6409	0.0	1154.588	Gratitude
1162.64575	0.0	1154.588	Gratitude
1162.6769	0.0	1154.588	Gratitude
1162.737	0.0	1154.588	Gratitude
1162.7492	0.0	1154.588	Gratitude
1162.85875	1.0	1154.588	Gratitude
1162.86355	1.0	1154.588	Gratitude
1162.8719	1.0	1154.588	Gratitude
1162.87835	1.0	1154.588	Gratitude
1162.93125	1.0	1154.588	Gratitude
1162.96685	1.0	1154.588	Gratitude
1163.04	1.0	1154.588	Gratitude
1163.0733	1.0	1154.588	Gratitude
1163.09655	1.0	1154.588	Gratitude
1163.1127	1.0	1154.588	Gratitude
1163.1499	1.0	1154.588	Gratitude
1163.16875	1.0	1154.588	Gratitude
1163.3785	1.0	1154.588	Gratitude
1163.41755	1.0	1154.588	Gratitude
1163.49125	0.0	1154.588	Gratitude
1163.51635	0.0	1154.588	Gratitude
1163.51775	0.0	1154.588	Gratitude
1163.6483	1.0	1154.588	Gratitude
1163.69795	1.0	1154.588	Gratitude
1163.7239	1.0	1154.588	Gratitude
1163.745	1.0	1154.588	Gratitude
1163.8115	1.0	1154.588	Gratitude
1163.82735	1.0	1154.588	Gratitude
1163.83815	1.0	1154.588	Gratitude
1163.87	1.0	1154.588	Gratitude
1163.90555	1.0	1154.588	Gratitude
1163.9258	1.0	1154.588	Gratitude
1163.94175	1.0	1154.588	Gratitude
1163.96545	1.0	1154.588	Gratitude
1163.97755	1.0	1154.588	Gratitude
1163.9941	1.0	1154.588	Gratitude
1164.00525	1.0	1154.588	Gratitude
1164.06075	1.0	1154.588	Gratitude
1164.06805	1.0	1154.588	Gratitude
1164.0809	0.0	1154.588	Gratitude
1164.14965	1.0	1154.588	Gratitude
1164.76025	1.0	1154.588	Gratitude
1165.3689	0.0	1154.588	Gratitude
1165.85985	0.0	1154.588	Gratitude
1165.8612	0.0	1154.588	Gratitude
1166.0544	1.0	1154.588	Gratitude
1166.06	1.0	1154.588	Gratitude
1166.0978	1.0	1154.588	Gratitude
1166.11895	1.0	1154.588	Gratitude
1166.13715	1.0	1154.588	Gratitude
1166.1624	1.0	1154.588	Gratitude
1166.16855	1.0	1154.588	Gratitude
1166.17985	1.0	1154.588	Gratitude
1166.2201	1.0	1154.588	Gratitude
1166.23795	1.0	1154.588	Gratitude
1166.2602	1.0	1154.588	Gratitude
1166.29825	1.0	1154.588	Gratitude
1166.3788	1.0	1154.588	Gratitude
1166.38635	1.0	1154.588	Gratitude
1166.3911	1.0	1154.588	Gratitude
1170.95485	0.0	1154.588	Gratitude
1171.21155	1.0	1171.1499	Sadness
1171.26255	1.0	1171.1499	Sadness
1171.2782	0.0	1171.1499	Sadness
1171.29235	0.0	1171.1499	Sadness
1171.3067	0.0	1171.1499	Sadness
1171.42225	1.0	1171.1499	Sadness
1171.58315	0.0	1171.1499	Sadness
1171.5846	0.0	1171.1499	Sadness
1171.58915	0.0	1171.1499	Sadness
1171.71575	0.0	1171.1499	Sadness
1171.72375	0.0	1171.1499	Sadness
1171.73165	0.0	1171.1499	Sadness
1171.83025	0.0	1171.1499	Sadness
1171.83145	0.0	1171.1499	Sadness
1171.8422	0.0	1171.1499	Sadness
1173.15225	0.0	1171.1499	Sadness
1173.1534	0.0	1171.1499	Sadness
1173.1544	0.0	1171.1499	Sadness
1173.3504	0.0	1171.1499	Sadness
1173.4417	1.0	1171.1499	Sadness
1173.45235	1.0	1171.1499	Sadness
1173.72325	0.0	1171.1499	Sadness
1174.25055	1.0	1171.1499	Sadness
1174.6073	0.0	1171.1499	Sadness
1176.7899	0.0	1171.1499	Sadness
1176.7919	0.0	1171.1499	Sadness
1176.79395	0.0	1171.1499	Sadness
1176.85165	1.0	1171.1499	Sadness
1176.8744	1.0	1171.1499	Sadness
1176.9	1.0	1171.1499	Sadness
1176.9122	1.0	1171.1499	Sadness
1176.9566	1.0	1171.1499	Sadness
1178.3256	0.0	1171.1499	Sadness
1178.3328	0.0	1171.1499	Sadness
1178.33385	0.0	1171.1499	Sadness
1178.3503	0.0	1171.1499	Sadness
1178.35185	0.0	1171.1499	Sadness
1178.46615	0.0	1171.1499	Sadness
1178.46715	0.0	1171.1499	Sadness
1178.5301	0.0	1171.1499	Sadness
1178.54295	0.0	1171.1499	Sadness
1178.54405	0.0	1171.1499	Sadness
1178.602	0.0	1171.1499	Sadness
1178.6036	0.0	1171.1499	Sadness
1178.63435	0.0	1171.1499	Sadness
1178.63535	0.0	1171.1499	Sadness
1178.6889	0.0	1171.1499	Sadness
1178.73135	0.0	1171.1499	Sadness
1178.7389	0.0	1171.1499	Sadness
1178.74	0.0	1171.1499	Sadness
1178.74105	0.0	1171.1499	Sadness
1178.77065	0.0	1171.1499	Sadness
1178.84115	0.0	1171.1499	Sadness
1178.8429	0.0	1171.1499	Sadness
1178.9361	0.0	1171.1499	Sadness
1179.0053	0.0	1171.1499	Sadness
1179.00705	0.0	1171.1499	Sadness
1179.0531	0.0	1171.1499	Sadness
1179.10495	0.0	1171.1499	Sadness
1179.1074	0.0	1171.1499	Sadness
1179.17045	0.0	1171.1499	Sadness
1179.1724	1.0	1171.1499	Sadness
1179.22405	0.0	1171.1499	Sadness
1179.2786	0.0	1171.1499	Sadness
1179.28125	0.0	1171.1499	Sadness
1179.32365	0.0	1171.1499	Sadness
1179.3276	0.0	1171.1499	Sadness
1179.36855	0.0	1171.1499	Sadness
1179.37185	0.0	1171.1499	Sadness
1179.37365	0.0	1171.1499	Sadness
1179.3777	0.0	1171.1499	Sadness
1179.42035	0.0	1171.1499	Sadness
1179.42435	0.0	1171.1499	Sadness
1179.47575	0.0	1171.1499	Sadness
1179.47875	0.0	1171.1499	Sadness
1179.52855	0.0	1171.1499	Sadness
1179.53215	0.0	1171.1499	Sadness
1179.57335	0.0	1171.1499	Sadness
1179.5747	0.0	1171.1499	Sadness
1179.5758	0.0	1171.1499	Sadness
1179.5842	0.0	1171.1499	Sadness
1179.6316	0.0	1171.1499	Sadness
1179.6358	0.0	1171.1499	Sadness
1179.67405	0.0	1171.1499	Sadness
1179.6827	0.0	1171.1499	Sadness
1179.68725	0.0	1171.1499	Sadness
1179.7391	0.0	1171.1499	Sadness
1179.74355	0.0	1171.1499	Sadness
1179.78615	0.0	1171.1499	Sadness
1179.7879	0.0	1171.1499	Sadness
1179.78905	0.0	1171.1499	Sadness
1179.79065	0.0	1171.1499	Sadness
1179.8492	0.0	1171.1499	Sadness
1179.8507	0.0	1171.1499	Sadness
1179.8993	0.0	1171.1499	Sadness
1180.69625	0.0	1171.1499	Sadness
1180.8292	1.0	1171.1499	Sadness
1180.85665	1.0	1171.1499	Sadness
1180.88435	1.0	1171.1499	Sadness
1180.96715	1.0	1171.1499	Sadness
1180.98435	1.0	1171.1499	Sadness
1180.9927	1.0	1171.1499	Sadness
1181.0023	1.0	1171.1499	Sadness
1181.0186	1.0	1171.1499	Sadness
1181.93355	0.0	1171.1499	Sadness
1181.93625	0.0	1171.1499	Sadness
1185.04845	1.0	1171.1499	Sadness
1197.8903	1.0	1197.6499	Sadness
1197.90765	1.0	1197.6499	Sadness
1197.9667	1.0	1197.6499	Sadness
1198.02385	1.0	1197.6499	Sadness
1198.3014	1.0	1197.6499	Sadness
1200.06245	1.0	1197.6499	Sadness
1200.12125	1.0	1197.6499	Sadness
1201.6248	1.0	1197.6499	Sadness
1201.8949	1.0	1197.6499	Sadness
1204.75435	0.0	1197.6499	Sadness
1204.7989	1.0	1197.6499	Sadness
1204.91265	1.0	1197.6499	Sadness
1204.9226	1.0	1197.6499	Sadness
1205.00165	1.0	1197.6499	Sadness
1206.47645	1.0	1197.6499	Sadness
1209.10635	0.0	1197.6499	Sadness
1209.1074	0.0	1197.6499	Sadness
1209.1331	1.0	1197.6499	Sadness
1209.24005	1.0	1197.6499	Sadness
1209.247	1.0	1197.6499	Sadness
1209.33785	1.0	1197.6499	Sadness
1210.6867	1.0	1197.6499	Sadness
1210.73595	1.0	1197.6499	Sadness
1211.106	1.0	1197.6499	Sadness
1213.49095	0.0	1197.6499	Sadness
1213.5044	0.0	1197.6499	Sadness
1213.52935	0.0	1197.6499	Sadness
1213.60365	1.0	1197.6499	Sadness
1213.628	1.0	1197.6499	Sadness
1213.6313	1.0	1197.6499	Sadness
1215.0772	0.0	1197.6499	Sadness
1215.0782	0.0	1197.6499	Sadness
1217.65895	0.0	1197.6499	Sadness
1219.7648	1.0	1219.746	Happiness
1219.78185	1.0	1219.746	Happiness
1219.92045	1.0	1219.746	Happiness
1220.0775	1.0	1219.746	Happiness
1220.0918	1.0	1219.746	Happiness
1220.11965	1.0	1219.746	Happiness
1220.3243	1.0	1219.746	Happiness
1220.36265	1.0	1219.746	Happiness
1220.3674	1.0	1219.746	Happiness
1220.42985	1.0	1219.746	Happiness
1220.44035	1.0	1219.746	Happiness
1220.453	1.0	1219.746	Happiness
1220.63355	1.0	1219.746	Happiness
1220.6378	1.0	1219.746	Happiness
1220.68955	1.0	1219.746	Happiness
1220.7232	1.0	1219.746	Happiness
1220.7286	1.0	1219.746	Happiness
1220.7367	0.0	1219.746	Happiness
1221.5349	1.0	1219.746	Happiness
1221.5383	1.0	1219.746	Happiness
1221.55275	1.0	1219.746	Happiness
1221.5898	1.0	1219.746	Happiness
1221.59515	1.0	1219.746	Happiness
1221.61155	1.0	1219.746	Happiness
1221.63425	1.0	1219.746	Happiness
1221.8404	1.0	1219.746	Happiness
1221.84475	1.0	1219.746	Happiness
1221.9109	1.0	1219.746	Happiness
1221.9255	1.0	1219.746	Happiness
1221.95435	1.0	1219.746	Happiness
1221.99245	1.0	1219.746	Happiness
1222.026	1.0	1219.746	Happiness
1222.0541	0.0	1219.746	Happiness
1222.1762	1.0	1219.746	Happiness
1222.32485	1.0	1219.746	Happiness
1222.3283	1.0	1219.746	Happiness
1222.37745	1.0	1219.746	Happiness
1222.38835	1.0	1219.746	Happiness
1222.4112	1.0	1219.746	Happiness
1223.43405	1.0	1219.746	Happiness
1223.6482	0.0	1219.746	Happiness
1223.67365	1.0	1219.746	Happiness
1223.6936	1.0	1219.746	Happiness
1223.71015	1.0	1219.746	Happiness
1223.7174	1.0	1219.746	Happiness
1223.7345	1.0	1219.746	Happiness
1223.73885	1.0	1219.746	Happiness
1223.90465	1.0	1219.746	Happiness
1223.9081	1.0	1219.746	Happiness
1223.94355	1.0	1219.746	Happiness
1223.97535	1.0	1219.746	Happiness
1223.98275	1.0	1219.746	Happiness
1223.9863	1.0	1219.746	Happiness
1224.2015	1.0	1219.746	Happiness
1224.4798	1.0	1219.746	Happiness
1225.30665	1.0	1219.746	Happiness
1225.40405	1.0	1219.746	Happiness
1225.82745	1.0	1219.746	Happiness
1225.84695	1.0	1219.746	Happiness
1225.9087	1.0	1219.746	Happiness
1226.1228	1.0	1219.746	Happiness
1226.12725	1.0	1219.746	Happiness
1226.2251	1.0	1219.746	Happiness
1226.3237	1.0	1219.746	Happiness
1226.32845	1.0	1219.746	Happiness
1226.49205	1.0	1219.746	Happiness
1226.4963	1.0	1219.746	Happiness
1227.1849	1.0	1219.746	Happiness
1227.18815	1.0	1219.746	Happiness
1227.31975	1.0	1219.746	Happiness
1227.3293	1.0	1219.746	Happiness
1227.3422	1.0	1219.746	Happiness
1227.38975	1.0	1219.746	Happiness
1227.5287	1.0	1219.746	Happiness
1227.5374	1.0	1219.746	Happiness
1227.5605	0.0	1219.746	Happiness
1227.5717	1.0	1219.746	Happiness
1227.57945	1.0	1219.746	Happiness
1227.6082	1.0	1219.746	Happiness
1227.82955	1.0	1219.746	Happiness
1227.83655	1.0	1219.746	Happiness
1227.907	1.0	1219.746	Happiness
1227.93905	1.0	1219.746	Happiness
1227.9499	1.0	1219.746	Happiness
1227.9956	1.0	1219.746	Happiness
1228.85435	1.0	1219.746	Happiness
1229.15005	1.0	1219.746	Happiness
1229.1987	1.0	1219.746	Happiness
1229.21495	1.0	1219.746	Happiness
1229.2378	1.0	1219.746	Happiness
1229.2508	1.0	1219.746	Happiness
1229.25925	1.0	1219.746	Happiness
1229.2682	1.0	1219.746	Happiness
1229.30355	1.0	1219.746	Happiness
1229.4218	0.0	1219.746	Happiness
1229.59935	1.0	1219.746	Happiness
1229.614	1.0	1219.746	Happiness
1229.67985	1.0	1219.746	Happiness
1229.68385	1.0	1219.746	Happiness
1229.71555	1.0	1219.746	Happiness
1229.7217	1.0	1219.746	Happiness
1229.7555	1.0	1219.746	Happiness
1229.77035	1.0	1219.746	Happiness
1230.06385	1.0	1219.746	Happiness
1230.0686	1.0	1219.746	Happiness
1230.0843	1.0	1219.746	Happiness
1230.1095	1.0	1219.746	Happiness
1230.12365	1.0	1219.746	Happiness
1230.1441	1.0	1219.746	Happiness
1230.84395	1.0	1219.746	Happiness
1230.84745	1.0	1219.746	Happiness
1231.00375	1.0	1219.746	Happiness
1231.0071	1.0	1219.746	Happiness
1231.0106	1.0	1219.746	Happiness
1231.08025	1.0	1219.746	Happiness
1231.22285	1.0	1219.746	Happiness
1231.2286	1.0	1219.746	Happiness
1231.5091	1.0	1219.746	Happiness
1231.5207	1.0	1219.746	Happiness
1231.57315	1.0	1219.746	Happiness
1231.5771	1.0	1219.746	Happiness
1231.6585	1.0	1219.746	Happiness
1231.79235	0.0	1219.746	Happiness
1233.50095	0.0	1219.746	Happiness
1233.5057	0.0	1219.746	Happiness
1234.5297	0.0	1219.746	Happiness
1235.6069	0.0	1219.746	Happiness
1235.9864	0.0	1219.746	Happiness
1235.9877	0.0	1219.746	Happiness
1238.0519	1.0	1238.025	Calming
1238.18855	1.0	1238.025	Calming
1238.20965	1.0	1238.025	Calming
1238.2287	1.0	1238.025	Calming
1238.25775	1.0	1238.025	Calming
1238.29065	1.0	1238.025	Calming
1238.3058	1.0	1238.025	Calming
1238.3268	1.0	1238.025	Calming
1238.38375	1.0	1238.025	Calming
1238.4429	1.0	1238.025	Calming
1238.473	1.0	1238.025	Calming
1238.55425	1.0	1238.025	Calming
1238.57245	1.0	1238.025	Calming
1238.59695	1.0	1238.025	Calming
1238.6128	1.0	1238.025	Calming
1238.6241	1.0	1238.025	Calming
1238.6487	1.0	1238.025	Calming
1238.68115	1.0	1238.025	Calming
1238.6936	1.0	1238.025	Calming
1238.72015	1.0	1238.025	Calming
1238.77185	1.0	1238.025	Calming
1238.8885	1.0	1238.025	Calming
1238.96295	1.0	1238.025	Calming
1239.0345	1.0	1238.025	Calming
1239.06605	1.0	1238.025	Calming
1239.1549	1.0	1238.025	Calming
1239.16665	0.0	1238.025	Calming
1239.19445	1.0	1238.025	Calming
1239.2219	1.0	1238.025	Calming
1239.24765	1.0	1238.025	Calming
1241.1078	1.0	1238.025	Calming
1241.1215	1.0	1238.025	Calming
1241.26265	1.0	1238.025	Calming
1241.31365	1.0	1238.025	Calming
1241.4302	1.0	1238.025	Calming
1241.44505	1.0	1238.025	Calming
1241.48565	0.0	1238.025	Calming
1241.5069	1.0	1238.025	Calming
1241.5475	1.0	1238.025	Calming
1241.5948	1.0	1238.025	Calming
1241.66775	1.0	1238.025	Calming
1241.72945	1.0	1238.025	Calming
1241.76635	1.0	1238.025	Calming
1241.81145	1.0	1238.025	Calming
1241.91265	1.0	1238.025	Calming
1241.9223	1.0	1238.025	Calming
1241.93785	1.0	1238.025	Calming
1242.0231	1.0	1238.025	Calming
1242.0773	1.0	1238.025	Calming
1242.13955	1.0	1238.025	Calming
1242.1731	1.0	1238.025	Calming
1242.2064	1.0	1238.025	Calming
1242.2371	1.0	1238.025	Calming
1242.28365	1.0	1238.025	Calming
1242.30205	1.0	1238.025	Calming
1242.3391	1.0	1238.025	Calming
1242.3847	1.0	1238.025	Calming
1242.42935	1.0	1238.025	Calming
1242.47605	1.0	1238.025	Calming
1242.5338	1.0	1238.025	Calming
1242.593	1.0	1238.025	Calming
1242.64535	1.0	1238.025	Calming
1242.667	1.0	1238.025	Calming
1242.676	1.0	1238.025	Calming
1242.72235	1.0	1238.025	Calming
1242.74455	1.0	1238.025	Calming
1242.8265	1.0	1238.025	Calming
1242.83575	1.0	1238.025	Calming
1242.8588	1.0	1238.025	Calming
1242.8904	1.0	1238.025	Calming
1242.90535	1.0	1238.025	Calming
1242.9232	1.0	1238.025	Calming
1242.93565	1.0	1238.025	Calming
1242.9633	1.0	1238.025	Calming
1242.9864	1.0	1238.025	Calming
1243.02	1.0	1238.025	Calming
1243.0462	1.0	1238.025	Calming
1243.0653	1.0	1238.025	Calming
1243.07365	1.0	1238.025	Calming
1245.292	1.0	1238.025	Calming
1245.35375	1.0	1238.025	Calming
1245.41935	1.0	1238.025	Calming
1245.4993	1.0	1238.025	Calming
1245.57495	1.0	1238.025	Calming
1245.7576	1.0	1238.025	Calming
1245.78555	1.0	1238.025	Calming
1245.81235	1.0	1238.025	Calming
1245.8538	1.0	1238.025	Calming
1245.86235	1.0	1238.025	Calming
1245.92135	1.0	1238.025	Calming
1245.97345	1.0	1238.025	Calming
1245.99305	1.0	1238.025	Calming
1246.07575	1.0	1238.025	Calming
1246.1254	1.0	1238.025	Calming
1246.16285	1.0	1238.025	Calming
1246.18915	1.0	1238.025	Calming
1246.212	1.0	1238.025	Calming
1246.30495	1.0	1238.025	Calming
1246.3403	1.0	1238.025	Calming
1246.36435	1.0	1238.025	Calming
1246.38385	1.0	1238.025	Calming
1246.4064	1.0	1238.025	Calming
1246.52985	1.0	1238.025	Calming
1246.5878	1.0	1238.025	Calming
1246.6319	1.0	1238.025	Calming
1246.6769	1.0	1238.025	Calming
1249.0912	1.0	1238.025	Calming
1249.20715	1.0	1238.025	Calming
1249.3041	1.0	1238.025	Calming
1249.3434	1.0	1238.025	Calming
1249.3899	1.0	1238.025	Calming
1249.39655	1.0	1238.025	Calming
1249.4598	1.0	1238.025	Calming
1249.4902	1.0	1238.025	Calming
1249.5276	0.0	1238.025	Calming
1249.59365	0.0	1238.025	Calming
1249.62935	0.0	1238.025	Calming
1249.631	0.0	1238.025	Calming
1249.632	0.0	1238.025	Calming
1249.6681	0.0	1238.025	Calming
1249.67935	1.0	1238.025	Calming
1249.7054	0.0	1238.025	Calming
1249.7164	0.0	1238.025	Calming
1249.7451	1.0	1238.025	Calming
1249.78275	1.0	1238.025	Calming
1249.79005	1.0	1238.025	Calming
1249.82365	1.0	1238.025	Calming
1249.9454	0.0	1238.025	Calming
1249.9777	1.0	1238.025	Calming
1250.05615	1.0	1238.025	Calming
1250.10945	1.0	1238.025	Calming
1250.132	1.0	1238.025	Calming
1250.1618	1.0	1238.025	Calming
1250.1881	1.0	1238.025	Calming
1250.20565	1.0	1238.025	Calming
1250.22945	1.0	1238.025	Calming
1250.25555	1.0	1238.025	Calming
1250.28265	1.0	1238.025	Calming
1250.30365	1.0	1238.025	Calming
1250.33595	1.0	1238.025	Calming
1250.35695	1.0	1238.025	Calming
1250.3844	1.0	1238.025	Calming
1250.40975	1.0	1238.025	Calming
1250.42385	1.0	1238.025	Calming
1250.7345	0.0	1238.025	Calming
1252.23385	1.0	1238.025	Calming
1252.2525	1.0	1238.025	Calming
1252.52715	1.0	1238.025	Calming
1252.56025	0.0	1238.025	Calming
1252.63575	1.0	1238.025	Calming
1252.6746	1.0	1238.025	Calming
1252.7117	1.0	1238.025	Calming
1252.7254	1.0	1238.025	Calming
1252.79985	1.0	1238.025	Calming
1252.8755	1.0	1238.025	Calming
1253.0493	1.0	1238.025	Calming
1253.09295	1.0	1238.025	Calming
1253.1333	1.0	1238.025	Calming
1256.2484	0.0	1238.025	Calming
