 	Spikes	 	 
Time	Value	Cmt Time	Cmt Text
s	V	s	 
0.0001	0.0	 	 
0.0045	0.0	 	 
0.00585	0.0	 	 
0.00855	0.0	 	 
0.0127	0.0	 	 
0.01715	0.0	 	 
0.01815	0.0	 	 
0.0193	0.0	 	 
0.02085	0.0	 	 
0.02205	0.0	 	 
0.0235	0.0	 	 
0.0255	0.0	 	 
0.02775	0.0	 	 
0.0293	0.0	 	 
0.03055	0.0	 	 
0.032	0.0	 	 
0.0381	0.0	 	 
0.0394	0.0	 	 
0.041	0.0	 	 
0.04295	0.0	 	 
0.0448	0.0	 	 
0.0458	0.0	 	 
0.04715	0.0	 	 
0.04815	0.0	 	 
0.0501	0.0	 	 
0.05265	0.0	 	 
0.05755	0.0	 	 
0.0591	0.0	 	 
0.06095	0.0	 	 
0.0639	0.0	 	 
0.06625	0.0	 	 
0.0677	0.0	 	 
0.06965	0.0	 	 
0.0708	0.0	 	 
0.07205	0.0	 	 
0.0748	0.0	 	 
0.0759	0.0	 	 
0.07865	0.0	 	 
0.08315	0.0	 	 
0.0873	0.0	 	 
0.08885	0.0	 	 
0.08995	0.0	 	 
0.09125	0.0	 	 
0.0939	0.0	 	 
0.09555	0.0	 	 
0.09825	0.0	 	 
0.1018	0.0	 	 
0.1032	0.0	 	 
0.10555	0.0	 	 
0.1119	0.0	 	 
0.1135	0.0	 	 
0.1146	0.0	 	 
0.1163	0.0	 	 
0.1191	0.0	 	 
0.1206	0.0	 	 
0.1234	0.0	 	 
0.1253	0.0	 	 
0.12655	0.0	 	 
0.12805	0.0	 	 
0.1313	0.0	 	 
0.13425	0.0	 	 
0.13555	0.0	 	 
0.1371	0.0	 	 
0.1386	0.0	 	 
0.1397	0.0	 	 
0.1412	0.0	 	 
0.1431	0.0	 	 
0.1444	0.0	 	 
0.1459	0.0	 	 
0.14925	0.0	 	 
0.1503	0.0	 	 
0.15265	0.0	 	 
0.1548	0.0	 	 
0.15695	0.0	 	 
0.15895	0.0	 	 
0.1612	0.0	 	 
0.16235	0.0	 	 
0.1643	0.0	 	 
0.1664	0.0	 	 
0.168	0.0	 	 
0.16985	0.0	 	 
0.1746	0.0	 	 
0.17575	0.0	 	 
0.17695	0.0	 	 
0.17975	0.0	 	 
0.18545	0.0	 	 
0.18705	0.0	 	 
0.19015	0.0	 	 
0.19235	0.0	 	 
0.1952	0.0	 	 
0.198	0.0	 	 
7508.252196	0.0	 	 
7508.253696	0.0	 	 
7515.444746	0.0	 	 
7527.221796	0.0	 	 
7528.474446	0.0	 	 
7531.993896	1.0	 	 
7541.232596	1.0	 	 
7541.297146	1.0	 	 
7541.765796	1.0	 	 
7542.458896	0.0	 	 
7542.477646	0.0	 	 
7542.479196	0.0	 	 
7542.480246	0.0	 	 
7547.172146	0.0	 	 
7554.154196	1.0	 	 
7554.240446	1.0	 	 
7554.369696	1.0	 	 
7554.522096	1.0	 	 
7554.699896	1.0	 	 
7556.908346	0.0	 	 
7558.398796	0.0	 	 
7559.296296	1.0	 	 
7562.197046	0.0	 	 
7562.198796	0.0	 	 
7565.750896	0.0	 	 
7571.620546	1.0	 	 
7571.908546	0.0	 	 
7572.276796	1.0	 	 
7583.688696	0.0	 	 
7583.827396	0.0	 	 
7586.794946	1.0	 	 
7588.223646	0.0	 	 
7594.520146	0.0	 	 
7594.521146	0.0	 	 
7594.593396	0.0	 	 
7594.715946	0.0	 	 
7594.716946	0.0	 	 
7613.228046	0.0	 	 
7613.457046	1.0	 	 
7613.507996	1.0	 	 
7613.551496	1.0	 	 
7613.659996	1.0	 	 
7613.823246	1.0	 	 
7614.060746	1.0	 	 
7622.292096	0.0	 	 
7623.294696	0.0	 	 
7628.528146	0.0	 	 
7628.737596	1.0	 	 
7640.200996	0.0	 	 
7640.202646	0.0	 	 
7640.204496	0.0	 	 
7641.136046	1.0	 	 
7647.076296	0.0	 	 
7649.545146	0.0	 	 
7649.548046	0.0	 	 
7649.559946	0.0	 	 
7650.327946	0.0	 	 
7654.585346	0.0	 	 
7654.586596	0.0	 	 
7660.340846	0.0	 	 
7662.784346	1.0	 	 
7663.155646	1.0	 	 
7663.599796	1.0	 	 
7663.836496	1.0	 	 
7664.402596	1.0	 	 
7675.719296	0.0	 	 
7677.262946	1.0	 	 
7677.382496	1.0	 	 
7677.631996	1.0	 	 
7677.676146	1.0	 	 
7677.712096	1.0	 	 
7677.742146	1.0	 	 
7677.768796	1.0	 	 
7677.793596	1.0	 	 
7677.817646	1.0	 	 
7677.844346	1.0	 	 
7677.875396	1.0	 	 
7677.906396	1.0	 	 
7677.936746	1.0	 	 
7677.967496	1.0	 	 
7677.997896	1.0	 	 
7678.029546	1.0	 	 
7678.067446	1.0	 	 
7678.105746	1.0	 	 
7678.143096	1.0	 	 
7678.173496	1.0	 	 
7678.202746	1.0	 	 
7678.240396	1.0	 	 
7678.289996	1.0	 	 
7678.336546	1.0	 	 
7678.403546	1.0	 	 
7678.533096	1.0	 	 
7678.786196	1.0	 	 
7685.611946	0.0	 	 
7692.476296	1.0	 	 
7692.571346	1.0	 	 
7692.689346	1.0	 	 
7692.802246	1.0	 	 
7693.590496	1.0	 	 
7693.858996	1.0	 	 
7695.240246	1.0	 	 
7695.594096	1.0	 	 
7695.596296	0.0	 	 
7695.598646	0.0	 	 
7696.204746	1.0	 	 
7698.486396	1.0	 	 
7698.557846	1.0	 	 
7698.900646	1.0	 	 
7707.440096	1.0	 	 
7707.499796	1.0	 	 
7707.582096	1.0	 	 
7707.636596	1.0	 	 
7711.953496	1.0	 	 
7712.079296	1.0	 	 
7712.182046	1.0	 	 
7712.329546	1.0	 	 
7712.361296	0.0	 	 
7712.605696	1.0	 	 
7714.407246	0.0	 	 
7714.488096	1.0	 	 
7724.157746	0.0	 	 
7724.180896	0.0	 	 
7724.929346	0.0	 	 
7726.911246	1.0	 	 
7726.979046	1.0	 	 
7727.039046	1.0	 	 
7727.101496	1.0	 	 
7727.164596	1.0	 	 
7727.237146	1.0	 	 
7727.349096	1.0	 	 
7727.488446	1.0	 	 
7727.576446	1.0	 	 
7728.124946	1.0	 	 
7728.382796	1.0	 	 
7728.819796	0.0	 	 
7728.820946	0.0	 	 
7729.041046	1.0	 	 
7729.306596	1.0	 	 
7729.500496	1.0	 	 
7730.124496	1.0	 	 
7730.249396	1.0	 	 
7730.617146	1.0	 	 
7731.770796	1.0	 	 
7732.210146	1.0	 	 
7732.602846	1.0	 	 
7741.877096	1.0	 	 
7741.916196	1.0	 	 
7741.953346	1.0	 	 
7742.050596	1.0	 	 
7742.837346	1.0	 	 
7742.925796	1.0	 	 
7746.489996	1.0	 	 
7746.530096	1.0	 	 
7746.559946	1.0	 	 
7746.587346	1.0	 	 
7746.614146	1.0	 	 
7746.640346	1.0	 	 
7746.667646	1.0	 	 
7746.696846	1.0	 	 
7746.726146	1.0	 	 
7746.753346	1.0	 	 
7746.779046	1.0	 	 
7746.803246	1.0	 	 
7746.827596	1.0	 	 
7746.852796	1.0	 	 
7746.877796	1.0	 	 
7746.902446	1.0	 	 
7746.928046	1.0	 	 
7746.955296	1.0	 	 
7746.984846	1.0	 	 
7747.015796	1.0	 	 
7747.046496	1.0	 	 
7747.075496	1.0	 	 
7747.104496	1.0	 	 
7747.135946	1.0	 	 
7747.170446	1.0	 	 
7747.208746	1.0	 	 
7747.245546	1.0	 	 
7747.278946	1.0	 	 
7747.310396	1.0	 	 
7747.343846	1.0	 	 
7747.378896	1.0	 	 
7747.416146	1.0	 	 
7747.458146	1.0	 	 
7747.506646	1.0	 	 
7747.595596	1.0	 	 
7747.663196	1.0	 	 
7747.711846	1.0	 	 
7747.837796	1.0	 	 
7747.986796	1.0	 	 
7748.056346	1.0	 	 
7748.369596	1.0	 	 
7748.563146	1.0	 	 
7748.888996	1.0	 	 
7749.069346	0.0	 	 
7749.482446	1.0	 	 
7749.780796	1.0	 	 
7750.221796	1.0	 	 
7751.583846	1.0	 	 
7753.449796	1.0	 	 
7753.496746	1.0	 	 
7755.653696	0.0	 	 
7755.654746	0.0	 	 
7760.281246	0.0	 	 
7760.828846	0.0	 	 
7762.940646	0.0	 	 
7762.981746	1.0	 	 
7763.012246	1.0	 	 
7763.037846	1.0	 	 
7763.061196	1.0	 	 
7763.083846	1.0	 	 
7763.105996	1.0	 	 
7763.127296	1.0	 	 
7763.148046	1.0	 	 
7763.168496	1.0	 	 
7763.188296	1.0	 	 
7763.207846	1.0	 	 
7763.227996	1.0	 	 
7763.248846	1.0	 	 
7763.270396	1.0	 	 
7763.292646	1.0	 	 
7763.315296	1.0	 	 
7763.338546	1.0	 	 
7763.362896	1.0	 	 
7763.387796	1.0	 	 
7763.412696	1.0	 	 
7763.438346	1.0	 	 
7763.466346	1.0	 	 
7763.495046	1.0	 	 
7763.523596	1.0	 	 
7763.552496	1.0	 	 
7763.581196	1.0	 	 
7763.610846	1.0	 	 
7763.640696	1.0	 	 
7763.671596	1.0	 	 
7763.702296	1.0	 	 
7763.738396	1.0	 	 
7763.775346	1.0	 	 
7763.809046	1.0	 	 
7763.842196	1.0	 	 
7763.876396	1.0	 	 
7763.914196	1.0	 	 
7763.953546	1.0	 	 
7763.994446	1.0	 	 
7764.038896	1.0	 	 
7764.077696	1.0	 	 
7764.127796	1.0	 	 
7764.184346	1.0	 	 
7764.251846	1.0	 	 
7764.301646	1.0	 	 
7764.365746	1.0	 	 
7764.432696	1.0	 	 
7764.514896	1.0	 	 
7764.574396	1.0	 	 
7764.626646	1.0	 	 
7764.716646	1.0	 	 
7764.867846	1.0	 	 
7764.972896	1.0	 	 
7765.117046	1.0	 	 
7765.190896	1.0	 	 
7765.295196	1.0	 	 
7765.624896	1.0	 	 
7765.742846	1.0	 	 
7765.860446	1.0	 	 
7766.003146	1.0	 	 
7766.216096	1.0	 	 
7766.504596	1.0	 	 
7766.728946	1.0	 	 
7766.911246	1.0	 	 
7767.165496	1.0	 	 
7767.332696	1.0	 	 
7767.552046	1.0	 	 
7768.045896	1.0	 	 
7768.133746	1.0	 	 
7768.203046	1.0	 	 
7768.245046	1.0	 	 
7768.277196	1.0	 	 
7768.316796	1.0	 	 
7771.490146	0.0	 	 
7779.121696	1.0	 	 
7779.163246	1.0	 	 
7779.195296	1.0	 	 
7779.222146	1.0	 	 
7779.246696	1.0	 	 
7779.270046	1.0	 	 
7779.292796	1.0	 	 
7779.315296	1.0	 	 
7779.338746	1.0	 	 
7779.362546	1.0	 	 
7779.386046	1.0	 	 
7779.409696	1.0	 	 
7779.435196	1.0	 	 
7779.462246	1.0	 	 
7779.490696	1.0	 	 
7779.519946	1.0	 	 
7779.548696	1.0	 	 
7779.578946	1.0	 	 
7779.610896	1.0	 	 
7779.645096	1.0	 	 
7779.679496	1.0	 	 
7779.712046	1.0	 	 
7779.747846	1.0	 	 
7779.787146	1.0	 	 
7779.828696	1.0	 	 
7779.875046	1.0	 	 
7779.930646	1.0	 	 
7779.980296	1.0	 	 
7780.052596	1.0	 	 
7780.157546	1.0	 	 
7780.271546	1.0	 	 
7780.562496	1.0	 	 
7780.636046	1.0	 	 
7780.811296	1.0	 	 
7780.918746	1.0	 	 
7780.978346	1.0	 	 
7781.035146	1.0	 	 
7781.127846	1.0	 	 
7781.187746	1.0	 	 
7781.278196	1.0	 	 
7781.338796	1.0	 	 
7781.398896	1.0	 	 
7781.503146	1.0	 	 
7781.617396	1.0	 	 
7781.828846	1.0	 	 
7781.998946	1.0	 	 
7782.305546	1.0	 	 
7782.443046	1.0	 	 
7783.093146	1.0	 	 
7783.666746	1.0	 	 
7783.863646	1.0	 	 
7784.044446	1.0	 	 
7784.187546	1.0	 	 
7784.235846	1.0	 	 
7784.302596	1.0	 	 
7784.385246	1.0	 	 
7784.473246	1.0	 	 
7784.587046	1.0	 	 
7784.716696	1.0	 	 
7784.755046	1.0	 	 
7784.807346	1.0	 	 
7784.862246	1.0	 	 
7784.908996	1.0	 	 
7795.630146	1.0	 	 
7795.669846	1.0	 	 
7795.700496	1.0	 	 
7795.727146	1.0	 	 
7795.752446	1.0	 	 
7795.777146	1.0	 	 
7795.801246	1.0	 	 
7795.824796	1.0	 	 
7795.847396	1.0	 	 
7795.869146	1.0	 	 
7795.890196	1.0	 	 
7795.910996	1.0	 	 
7795.953696	1.0	 	 
7795.975896	1.0	 	 
7795.998596	1.0	 	 
7796.021596	1.0	 	 
7796.045546	1.0	 	 
7796.070446	1.0	 	 
7796.096296	1.0	 	 
7796.121946	1.0	 	 
7796.146946	1.0	 	 
7796.173196	1.0	 	 
7796.204296	1.0	 	 
7796.237746	1.0	 	 
7796.270796	1.0	 	 
7796.303346	1.0	 	 
7796.335246	1.0	 	 
7796.366896	1.0	 	 
7796.402846	1.0	 	 
7796.436246	1.0	 	 
7796.471496	1.0	 	 
7796.512596	1.0	 	 
7796.547796	1.0	 	 
7796.584596	1.0	 	 
7796.631096	1.0	 	 
7796.672896	1.0	 	 
7796.712996	1.0	 	 
7796.764646	1.0	 	 
7796.822046	1.0	 	 
7796.863096	1.0	 	 
7796.915396	1.0	 	 
7796.975396	1.0	 	 
7797.043746	1.0	 	 
7797.099396	1.0	 	 
7797.151046	1.0	 	 
7797.199646	1.0	 	 
7797.247446	1.0	 	 
7797.286996	1.0	 	 
7797.344996	1.0	 	 
7797.387446	1.0	 	 
7797.437396	1.0	 	 
7797.490596	1.0	 	 
7797.554546	1.0	 	 
7797.592546	1.0	 	 
7797.636146	1.0	 	 
7797.720346	1.0	 	 
7797.785646	1.0	 	 
7797.883596	1.0	 	 
7797.956546	1.0	 	 
7798.044096	1.0	 	 
7798.103896	1.0	 	 
7798.219246	1.0	 	 
7798.324546	1.0	 	 
7798.433696	1.0	 	 
7798.599946	1.0	 	 
7798.700646	1.0	 	 
7798.809646	1.0	 	 
7798.940246	1.0	 	 
7799.083696	1.0	 	 
7799.198746	1.0	 	 
7799.311446	1.0	 	 
7799.434796	1.0	 	 
7799.584346	1.0	 	 
7799.759446	1.0	 	 
7799.993846	1.0	 	 
7800.260846	1.0	 	 
7800.384596	1.0	 	 
7800.799696	0.0	 	 
7801.933646	0.0	 	 
7803.765146	0.0	 	 
7830.407646	0.0	 	 
7833.416346	1.0	 	 
7833.463946	1.0	 	 
7833.508696	1.0	 	 
7833.555996	1.0	 	 
7833.644546	1.0	 	 
7833.728896	1.0	 	 
7833.836596	1.0	 	 
7838.651496	0.0	 	 
7844.811846	1.0	 	 
7844.856696	1.0	 	 
7844.890096	1.0	 	 
7844.919946	1.0	 	 
7844.948396	1.0	 	 
7844.975996	1.0	 	 
7845.001696	1.0	 	 
7845.025596	1.0	 	 
7845.049096	1.0	 	 
7845.074546	1.0	 	 
7845.104196	1.0	 	 
7845.138646	1.0	 	 
7845.172296	1.0	 	 
7845.212596	1.0	 	 
7845.257746	1.0	 	 
7845.327696	1.0	 	 
7845.421796	1.0	 	 
7849.167596	0.0	 	 
7852.309696	1.0	 	 
7852.344496	0.0	 	 
7853.915746	0.0	 	 
7854.648496	1.0	 	 
7854.780996	1.0	 	 
7854.849996	1.0	 	 
7855.228046	0.0	 	 
7855.293996	1.0	 	 
7855.393946	1.0	 	 
7861.280546	1.0	 	 
7864.955546	1.0	 	 
7865.612146	1.0	 	 
7869.351896	1.0	 	 
7869.554046	1.0	 	 
7883.311096	0.0	 	 
7885.028946	0.0	 	 
7886.388246	1.0	 	 
7886.421746	0.0	 	 
7886.525146	1.0	 	 
7886.578696	1.0	 	 
7886.801596	0.0	 	 
7887.308596	1.0	 	 
7887.369846	1.0	 	 
7887.451296	1.0	 	 
7887.677896	1.0	 	 
7887.843596	1.0	 	 
7887.918846	1.0	 	 
7893.602596	0.0	 	 
7894.715246	0.0	 	 
7894.745446	0.0	 	 
7895.220796	0.0	 	 
7898.153746	0.0	 	 
7898.154896	0.0	 	 
7898.242396	0.0	 	 
7898.243446	0.0	 	 
7898.274846	0.0	 	 
7898.755146	0.0	 	 
7898.756496	0.0	 	 
7899.088896	1.0	 	 
8087.023746	1.0	 	 
8088.003696	1.0	 	 
8088.229246	1.0	 	 
8088.847946	1.0	 	 
8091.171846	1.0	 	 
8091.504296	1.0	 	 
8092.423846	0.0	 	 
8092.578446	1.0	 	 
8093.215596	1.0	 	 
8093.587346	0.0	 	 
8093.972946	1.0	 	 
8095.094896	1.0	 	 
8095.961696	1.0	 	 
8096.332146	1.0	 	 
8096.708046	1.0	 	 
8097.971296	1.0	 	 
8100.243496	0.0	 	 
8100.634646	1.0	 	 
8101.419096	1.0	 	 
8101.878096	1.0	 	 
8103.272996	0.0	 	 
8106.600546	1.0	 	 
8107.024396	1.0	 	 
8107.565996	1.0	 	 
8107.877996	1.0	 	 
8109.412896	1.0	 	 
8110.600746	1.0	 	 
8110.847396	0.0	 	 
8110.849996	0.0	 	 
8111.008046	1.0	 	 
8112.051346	1.0	 	 
8112.169746	0.0	 	 
8112.170746	0.0	 	 
8112.173546	0.0	 	 
8113.165896	1.0	 	 
8113.836746	1.0	 	 
8114.805246	0.0	 	 
8118.737896	1.0	 	 
8118.780796	1.0	 	 
8118.816446	1.0	 	 
8119.432246	1.0	 	 
8119.593096	1.0	 	 
8119.628046	1.0	 	 
8119.669746	1.0	 	 
8120.606446	1.0	 	 
8121.626196	1.0	 	 
8122.260446	1.0	 	 
8122.374096	1.0	 	 
8124.108746	1.0	 	 
8124.335246	1.0	 	 
8124.373546	1.0	 	 
8124.429096	1.0	 	 
8124.453796	1.0	 	 
8124.500546	1.0	 	 
8124.545246	1.0	 	 
8124.568246	1.0	 	 
8124.592246	1.0	 	 
8124.617746	1.0	 	 
8124.670196	1.0	 	 
8124.699546	1.0	 	 
8126.937396	1.0	 	 
8126.970396	1.0	 	 
8127.023046	1.0	 	 
8127.067096	1.0	 	 
8127.113946	1.0	 	 
8136.897696	0.0	8135.6535	Happiness
8136.899796	0.0	8135.6535	Happiness
8136.901846	0.0	8135.6535	Happiness
8137.167896	0.0	8135.6535	Happiness
8137.169096	0.0	8135.6535	Happiness
8140.683496	0.0	8135.6535	Happiness
8140.684846	0.0	8135.6535	Happiness
8141.891596	1.0	8135.6535	Happiness
8142.210646	1.0	8135.6535	Happiness
8146.822746	1.0	8135.6535	Happiness
8148.231696	0.0	8135.6535	Happiness
8149.990046	0.0	8135.6535	Happiness
8150.006496	0.0	8135.6535	Happiness
8150.042346	0.0	8135.6535	Happiness
8156.455446	1.0	8154.0439	Love
8156.661146	1.0	8154.0439	Love
8156.989546	1.0	8154.0439	Love
8157.060996	1.0	8154.0439	Love
8159.324246	1.0	8154.0439	Love
8161.795196	1.0	8154.0439	Love
8161.835646	1.0	8154.0439	Love
8162.008296	1.0	8154.0439	Love
8164.297446	1.0	8154.0439	Love
8164.399996	1.0	8154.0439	Love
8171.039846	0.0	8170.763	Sadness
8172.798746	1.0	8170.763	Sadness
8172.962096	1.0	8170.763	Sadness
8173.037246	1.0	8170.763	Sadness
8173.187996	1.0	8170.763	Sadness
8173.311446	1.0	8170.763	Sadness
8173.403096	1.0	8170.763	Sadness
8173.527546	1.0	8170.763	Sadness
8173.986096	0.0	8170.763	Sadness
8173.987246	0.0	8170.763	Sadness
8174.061096	1.0	8170.763	Sadness
8174.552096	1.0	8170.763	Sadness
8176.043646	1.0	8170.763	Sadness
8176.581346	1.0	8170.763	Sadness
8180.124896	0.0	8170.763	Sadness
8180.128446	0.0	8170.763	Sadness
8180.131746	0.0	8170.763	Sadness
8180.203196	0.0	8170.763	Sadness
8182.443996	0.0	8170.763	Sadness
8182.445996	0.0	8170.763	Sadness
8187.635196	0.0	8187.4861	Attention
8188.506946	0.0	8187.4861	Attention
8188.516196	0.0	8187.4861	Attention
8188.896446	1.0	8187.4861	Attention
8188.951546	0.0	8187.4861	Attention
8188.952546	0.0	8187.4861	Attention
8188.954146	0.0	8187.4861	Attention
8188.955146	0.0	8187.4861	Attention
8189.136446	0.0	8187.4861	Attention
8189.137746	0.0	8187.4861	Attention
8189.138796	0.0	8187.4861	Attention
8189.139996	0.0	8187.4861	Attention
8189.141146	0.0	8187.4861	Attention
8189.341046	0.0	8187.4861	Attention
8189.342346	0.0	8187.4861	Attention
8189.343996	0.0	8187.4861	Attention
8189.345546	0.0	8187.4861	Attention
8189.346996	0.0	8187.4861	Attention
8189.348146	0.0	8187.4861	Attention
8189.551446	0.0	8187.4861	Attention
8189.552446	0.0	8187.4861	Attention
8189.553646	0.0	8187.4861	Attention
8189.556196	0.0	8187.4861	Attention
8189.557596	0.0	8187.4861	Attention
8189.558746	0.0	8187.4861	Attention
8189.725146	1.0	8187.4861	Attention
8191.074946	0.0	8187.4861	Attention
8191.076046	0.0	8187.4861	Attention
8191.083696	0.0	8187.4861	Attention
8191.512396	0.0	8187.4861	Attention
8191.519046	0.0	8187.4861	Attention
8191.659796	1.0	8187.4861	Attention
8192.101446	0.0	8187.4861	Attention
8192.102846	0.0	8187.4861	Attention
8192.104146	0.0	8187.4861	Attention
8192.105646	0.0	8187.4861	Attention
8192.303296	0.0	8187.4861	Attention
8192.306196	0.0	8187.4861	Attention
8192.307446	0.0	8187.4861	Attention
8192.309446	0.0	8187.4861	Attention
8194.441446	0.0	8187.4861	Attention
8194.443296	0.0	8187.4861	Attention
8194.444946	0.0	8187.4861	Attention
8194.446896	0.0	8187.4861	Attention
8194.447896	0.0	8187.4861	Attention
8194.449146	0.0	8187.4861	Attention
8194.675496	0.0	8187.4861	Attention
8194.676646	0.0	8187.4861	Attention
8194.679246	0.0	8187.4861	Attention
8194.878296	0.0	8187.4861	Attention
8194.879296	0.0	8187.4861	Attention
8194.880646	0.0	8187.4861	Attention
8194.884746	0.0	8187.4861	Attention
8194.885796	0.0	8187.4861	Attention
8195.090796	0.0	8187.4861	Attention
8195.092796	0.0	8187.4861	Attention
8195.094296	0.0	8187.4861	Attention
8195.096546	0.0	8187.4861	Attention
8195.097696	0.0	8187.4861	Attention
8195.100396	0.0	8187.4861	Attention
8195.304196	0.0	8187.4861	Attention
8195.306396	0.0	8187.4861	Attention
8195.311496	0.0	8187.4861	Attention
8195.312796	0.0	8187.4861	Attention
8195.477546	1.0	8187.4861	Attention
8195.506596	0.0	8187.4861	Attention
8195.507696	0.0	8187.4861	Attention
8195.508996	0.0	8187.4861	Attention
8195.510396	0.0	8187.4861	Attention
8195.511546	0.0	8187.4861	Attention
8195.512696	0.0	8187.4861	Attention
8195.715646	0.0	8187.4861	Attention
8195.716846	0.0	8187.4861	Attention
8195.718346	0.0	8187.4861	Attention
8195.721346	0.0	8187.4861	Attention
8195.723146	0.0	8187.4861	Attention
8197.458296	0.0	8187.4861	Attention
8197.459546	0.0	8187.4861	Attention
8197.460696	0.0	8187.4861	Attention
8197.464096	0.0	8187.4861	Attention
8197.672396	0.0	8187.4861	Attention
8197.674146	0.0	8187.4861	Attention
8197.675146	0.0	8187.4861	Attention
8197.676346	0.0	8187.4861	Attention
8197.683296	0.0	8187.4861	Attention
8198.261896	1.0	8187.4861	Attention
8198.279696	0.0	8187.4861	Attention
8198.280996	0.0	8187.4861	Attention
8199.932796	0.0	8187.4861	Attention
8199.934346	0.0	8187.4861	Attention
8201.571546	0.0	8187.4861	Attention
8201.775296	1.0	8187.4861	Attention
8208.746646	1.0	8204.945	Gratitude
8208.831746	1.0	8204.945	Gratitude
8208.869296	1.0	8204.945	Gratitude
8209.604146	0.0	8204.945	Gratitude
8209.776096	0.0	8204.945	Gratitude
8211.873896	1.0	8204.945	Gratitude
8211.912396	1.0	8204.945	Gratitude
8212.021446	1.0	8204.945	Gratitude
8212.167446	1.0	8204.945	Gratitude
8212.213596	1.0	8204.945	Gratitude
8212.303896	1.0	8204.945	Gratitude
8212.970296	1.0	8204.945	Gratitude
8214.885696	1.0	8204.945	Gratitude
8215.039196	0.0	8204.945	Gratitude
8215.040246	0.0	8204.945	Gratitude
8215.041296	0.0	8204.945	Gratitude
8215.045946	0.0	8204.945	Gratitude
8223.342596	0.0	8221.6651	Calming
8223.615146	1.0	8221.6651	Calming
8223.674296	1.0	8221.6651	Calming
8223.729046	1.0	8221.6651	Calming
8223.833796	1.0	8221.6651	Calming
8224.133396	1.0	8221.6651	Calming
8224.569896	1.0	8221.6651	Calming
8224.771996	1.0	8221.6651	Calming
8224.800996	1.0	8221.6651	Calming
8224.876046	1.0	8221.6651	Calming
8224.898296	1.0	8221.6651	Calming
8224.919996	1.0	8221.6651	Calming
8224.941996	1.0	8221.6651	Calming
8228.472446	1.0	8221.6651	Calming
8229.266846	1.0	8221.6651	Calming
8229.345846	1.0	8221.6651	Calming
8229.373596	1.0	8221.6651	Calming
8229.399296	1.0	8221.6651	Calming
8229.425046	1.0	8221.6651	Calming
8229.451046	1.0	8221.6651	Calming
8232.637046	1.0	8221.6651	Calming
8240.706796	1.0	8238.5645	Sadness
8240.892596	1.0	8238.5645	Sadness
8240.957146	1.0	8238.5645	Sadness
8241.255546	1.0	8238.5645	Sadness
8241.963546	1.0	8238.5645	Sadness
8246.940296	0.0	8238.5645	Sadness
8260.167796	1.0	8255.2877	Love
8262.413396	1.0	8255.2877	Love
8267.741596	0.0	8255.2877	Love
8274.535746	1.0	8255.2877	Love
8274.774546	1.0	8255.2877	Love
8282.954346	1.0	8280.3653	Calming
8282.998646	1.0	8280.3653	Calming
8283.571396	1.0	8280.3653	Calming
8283.697646	1.0	8280.3653	Calming
8283.731996	1.0	8280.3653	Calming
8287.995046	0.0	8280.3653	Calming
8288.115846	1.0	8280.3653	Calming
8288.202546	1.0	8280.3653	Calming
8288.249396	1.0	8280.3653	Calming
8288.274246	0.0	8280.3653	Calming
8288.301646	1.0	8280.3653	Calming
8288.332896	1.0	8280.3653	Calming
8288.370796	1.0	8280.3653	Calming
8291.790346	1.0	8280.3653	Calming
8291.846946	1.0	8280.3653	Calming
8291.869796	1.0	8280.3653	Calming
8309.368346	1.0	8307.1069	Gratitude
8309.563696	1.0	8307.1069	Gratitude
8309.620096	1.0	8307.1069	Gratitude
8309.682546	1.0	8307.1069	Gratitude
8309.736546	1.0	8307.1069	Gratitude
8309.854946	1.0	8307.1069	Gratitude
8309.939896	1.0	8307.1069	Gratitude
8310.060396	1.0	8307.1069	Gratitude
8310.162546	1.0	8307.1069	Gratitude
8310.264646	1.0	8307.1069	Gratitude
8310.471846	1.0	8307.1069	Gratitude
8311.161946	1.0	8307.1069	Gratitude
8311.697346	1.0	8307.1069	Gratitude
8311.909296	1.0	8307.1069	Gratitude
8312.769746	1.0	8307.1069	Gratitude
8312.842696	1.0	8307.1069	Gratitude
8312.973846	0.0	8307.1069	Gratitude
8313.212246	0.0	8307.1069	Gratitude
8313.213996	0.0	8307.1069	Gratitude
8315.936596	0.0	8307.1069	Gratitude
8315.937846	0.0	8307.1069	Gratitude
8315.939146	0.0	8307.1069	Gratitude
8315.940796	0.0	8307.1069	Gratitude
8315.941846	0.0	8307.1069	Gratitude
8315.943396	0.0	8307.1069	Gratitude
8315.944396	0.0	8307.1069	Gratitude
8316.372846	0.0	8307.1069	Gratitude
8318.234696	1.0	8307.1069	Gratitude
8318.437696	1.0	8307.1069	Gratitude
8325.426996	0.0	8324.5781	Attention
8325.578596	0.0	8324.5781	Attention
8325.586596	0.0	8324.5781	Attention
8325.802796	0.0	8324.5781	Attention
8325.804946	0.0	8324.5781	Attention
8325.806496	0.0	8324.5781	Attention
8325.807846	0.0	8324.5781	Attention
8325.808846	0.0	8324.5781	Attention
8326.216296	0.0	8324.5781	Attention
8326.218346	0.0	8324.5781	Attention
8326.220246	0.0	8324.5781	Attention
8326.426146	0.0	8324.5781	Attention
8326.427496	0.0	8324.5781	Attention
8326.429396	0.0	8324.5781	Attention
8326.430896	0.0	8324.5781	Attention
8326.600796	1.0	8324.5781	Attention
8326.641646	0.0	8324.5781	Attention
8326.646496	0.0	8324.5781	Attention
8326.647846	0.0	8324.5781	Attention
8328.095246	0.0	8324.5781	Attention
8328.096296	0.0	8324.5781	Attention
8328.097496	0.0	8324.5781	Attention
8328.100246	0.0	8324.5781	Attention
8328.101996	0.0	8324.5781	Attention
8328.103046	0.0	8324.5781	Attention
8328.327296	0.0	8324.5781	Attention
8328.328446	0.0	8324.5781	Attention
8328.330196	0.0	8324.5781	Attention
8328.336846	0.0	8324.5781	Attention
8328.363746	0.0	8324.5781	Attention
8328.365296	0.0	8324.5781	Attention
8328.368196	0.0	8324.5781	Attention
8328.557446	0.0	8324.5781	Attention
8328.719146	1.0	8324.5781	Attention
8328.911796	1.0	8324.5781	Attention
8330.504646	0.0	8324.5781	Attention
8331.010896	0.0	8324.5781	Attention
8331.012046	0.0	8324.5781	Attention
8331.013296	0.0	8324.5781	Attention
8331.019696	0.0	8324.5781	Attention
8331.021346	0.0	8324.5781	Attention
8331.240396	0.0	8324.5781	Attention
8331.241446	0.0	8324.5781	Attention
8331.249846	0.0	8324.5781	Attention
8331.593696	1.0	8324.5781	Attention
8331.846096	0.0	8324.5781	Attention
8331.850296	0.0	8324.5781	Attention
8331.851546	0.0	8324.5781	Attention
8332.042946	0.0	8324.5781	Attention
8332.052696	0.0	8324.5781	Attention
8333.650796	0.0	8324.5781	Attention
8333.652596	0.0	8324.5781	Attention
8333.659296	0.0	8324.5781	Attention
8333.873096	0.0	8324.5781	Attention
8333.874346	0.0	8324.5781	Attention
8333.875496	0.0	8324.5781	Attention
8333.876746	0.0	8324.5781	Attention
8333.879746	0.0	8324.5781	Attention
8334.081796	0.0	8324.5781	Attention
8334.082896	0.0	8324.5781	Attention
8334.083996	0.0	8324.5781	Attention
8334.085896	0.0	8324.5781	Attention
8334.087046	0.0	8324.5781	Attention
8334.088146	0.0	8324.5781	Attention
8334.279796	0.0	8324.5781	Attention
8334.281146	0.0	8324.5781	Attention
8334.282146	0.0	8324.5781	Attention
8334.283596	0.0	8324.5781	Attention
8334.284996	0.0	8324.5781	Attention
8334.286846	0.0	8324.5781	Attention
8334.484146	0.0	8324.5781	Attention
8334.485446	0.0	8324.5781	Attention
8334.486896	0.0	8324.5781	Attention
8334.488746	0.0	8324.5781	Attention
8334.490396	0.0	8324.5781	Attention
8334.492146	0.0	8324.5781	Attention
8334.666996	1.0	8324.5781	Attention
8334.707196	0.0	8324.5781	Attention
8334.708196	0.0	8324.5781	Attention
8334.717796	0.0	8324.5781	Attention
8334.871546	1.0	8324.5781	Attention
8339.380246	1.0	8324.5781	Attention
8342.264096	0.0	8324.5781	Attention
8342.420846	1.0	8324.5781	Attention
8347.411946	0.0	8346.1194	Happiness
8347.586246	0.0	8346.1194	Happiness
8348.374646	1.0	8346.1194	Happiness
8348.429596	1.0	8346.1194	Happiness
8348.476596	1.0	8346.1194	Happiness
8348.852046	0.0	8346.1194	Happiness
8350.337696	0.0	8346.1194	Happiness
8350.339646	0.0	8346.1194	Happiness
8350.340996	0.0	8346.1194	Happiness
8350.342196	0.0	8346.1194	Happiness
8351.019946	0.0	8346.1194	Happiness
8351.021196	0.0	8346.1194	Happiness
8351.022446	0.0	8346.1194	Happiness
8352.818696	1.0	8346.1194	Happiness
8352.871946	1.0	8346.1194	Happiness
8352.991446	0.0	8346.1194	Happiness
8352.992446	0.0	8346.1194	Happiness
8352.998346	0.0	8346.1194	Happiness
8352.999446	0.0	8346.1194	Happiness
8353.110746	0.0	8346.1194	Happiness
8354.290596	1.0	8346.1194	Happiness
8355.357046	1.0	8346.1194	Happiness
8356.921296	0.0	8346.1194	Happiness
8359.144646	0.0	8346.1194	Happiness
8359.147296	0.0	8346.1194	Happiness
8368.637346	1.0	8366.9281	Gratitude
8368.657246	0.0	8366.9281	Gratitude
8368.751296	1.0	8366.9281	Gratitude
8368.831646	1.0	8366.9281	Gratitude
8368.890946	1.0	8366.9281	Gratitude
8368.948196	1.0	8366.9281	Gratitude
8368.984146	1.0	8366.9281	Gratitude
8369.030896	1.0	8366.9281	Gratitude
8369.087096	1.0	8366.9281	Gratitude
8369.142696	1.0	8366.9281	Gratitude
8369.201546	1.0	8366.9281	Gratitude
8369.297846	1.0	8366.9281	Gratitude
8369.435446	1.0	8366.9281	Gratitude
8369.569796	1.0	8366.9281	Gratitude
8369.757496	1.0	8366.9281	Gratitude
8370.373596	1.0	8366.9281	Gratitude
8370.865146	1.0	8366.9281	Gratitude
8370.960646	1.0	8366.9281	Gratitude
8371.079596	1.0	8366.9281	Gratitude
8371.125346	1.0	8366.9281	Gratitude
8371.160696	1.0	8366.9281	Gratitude
8371.220396	1.0	8366.9281	Gratitude
8371.913196	1.0	8366.9281	Gratitude
8371.963496	1.0	8366.9281	Gratitude
8372.045496	1.0	8366.9281	Gratitude
8372.089446	1.0	8366.9281	Gratitude
8372.160696	1.0	8366.9281	Gratitude
8372.168396	0.0	8366.9281	Gratitude
8372.170246	0.0	8366.9281	Gratitude
8373.886396	1.0	8366.9281	Gratitude
8374.470346	1.0	8366.9281	Gratitude
8374.610096	1.0	8366.9281	Gratitude
8374.869546	0.0	8366.9281	Gratitude
8374.871096	0.0	8366.9281	Gratitude
8374.872196	0.0	8366.9281	Gratitude
8375.736196	1.0	8366.9281	Gratitude
8375.812046	1.0	8366.9281	Gratitude
8375.854196	1.0	8366.9281	Gratitude
8376.560496	1.0	8366.9281	Gratitude
8376.753746	1.0	8366.9281	Gratitude
8382.792946	0.0	8366.9281	Gratitude
8389.754846	0.0	8387.7265	Love
8389.903846	1.0	8387.7265	Love
8390.232396	1.0	8387.7265	Love
8390.366896	1.0	8387.7265	Love
8390.410646	1.0	8387.7265	Love
8392.254396	1.0	8387.7265	Love
8392.306596	1.0	8387.7265	Love
8392.343096	1.0	8387.7265	Love
8394.084246	1.0	8387.7265	Love
8394.165746	1.0	8387.7265	Love
8394.236946	1.0	8387.7265	Love
8395.823496	0.0	8387.7265	Love
8396.292846	1.0	8387.7265	Love
8396.332546	1.0	8387.7265	Love
8396.362646	1.0	8387.7265	Love
8396.388946	1.0	8387.7265	Love
8404.895746	0.0	8387.7265	Love
8404.898296	0.0	8387.7265	Love
8409.809246	1.0	8408.3486	Calming
8410.042546	1.0	8408.3486	Calming
8410.083296	1.0	8408.3486	Calming
8410.122046	1.0	8408.3486	Calming
8410.167046	1.0	8408.3486	Calming
8410.212546	1.0	8408.3486	Calming
8410.257596	1.0	8408.3486	Calming
8410.291296	1.0	8408.3486	Calming
8410.334996	1.0	8408.3486	Calming
8410.384096	1.0	8408.3486	Calming
8410.422896	1.0	8408.3486	Calming
8410.462546	1.0	8408.3486	Calming
8410.498996	1.0	8408.3486	Calming
8410.676546	1.0	8408.3486	Calming
8410.745446	1.0	8408.3486	Calming
8411.743346	0.0	8408.3486	Calming
8412.247296	1.0	8408.3486	Calming
8412.302596	1.0	8408.3486	Calming
8412.338596	1.0	8408.3486	Calming
8412.368696	1.0	8408.3486	Calming
8412.703096	0.0	8408.3486	Calming
8413.987446	1.0	8408.3486	Calming
8414.070896	1.0	8408.3486	Calming
8415.628246	1.0	8408.3486	Calming
8415.767846	0.0	8408.3486	Calming
8415.768946	0.0	8408.3486	Calming
8415.770096	0.0	8408.3486	Calming
8415.800646	0.0	8408.3486	Calming
8418.900046	1.0	8408.3486	Calming
8419.437896	1.0	8408.3486	Calming
8419.543496	1.0	8408.3486	Calming
8419.630346	1.0	8408.3486	Calming
8419.693146	1.0	8408.3486	Calming
8419.738096	1.0	8408.3486	Calming
8420.168746	0.0	8408.3486	Calming
8420.173246	0.0	8408.3486	Calming
8428.847246	0.0	8408.3486	Calming
8433.887596	1.0	8431.9506	Happiness
8435.728046	1.0	8431.9506	Happiness
8437.629946	1.0	8431.9506	Happiness
8441.358946	0.0	8431.9506	Happiness
8441.814146	1.0	8431.9506	Happiness
8443.943346	0.0	8431.9506	Happiness
8444.148546	1.0	8431.9506	Happiness
8444.452346	1.0	8431.9506	Happiness
8451.004596	1.0	8449.222	Sadness
8451.044796	1.0	8449.222	Sadness
8451.075946	1.0	8449.222	Sadness
8451.141696	1.0	8449.222	Sadness
8451.172746	1.0	8449.222	Sadness
8451.202396	1.0	8449.222	Sadness
8451.231946	1.0	8449.222	Sadness
8451.261496	1.0	8449.222	Sadness
8451.292496	1.0	8449.222	Sadness
8451.324596	1.0	8449.222	Sadness
8451.355246	1.0	8449.222	Sadness
8451.565046	1.0	8449.222	Sadness
8451.603596	1.0	8449.222	Sadness
8451.639996	1.0	8449.222	Sadness
8451.678846	1.0	8449.222	Sadness
8451.824996	1.0	8449.222	Sadness
8451.881996	1.0	8449.222	Sadness
8451.934596	1.0	8449.222	Sadness
8452.035446	1.0	8449.222	Sadness
8452.397746	1.0	8449.222	Sadness
8452.618346	0.0	8449.222	Sadness
8452.685646	1.0	8449.222	Sadness
8452.854746	1.0	8449.222	Sadness
8452.945846	1.0	8449.222	Sadness
8453.367796	1.0	8449.222	Sadness
8454.664696	0.0	8449.222	Sadness
8454.667096	0.0	8449.222	Sadness
8456.681746	1.0	8449.222	Sadness
8458.399646	0.0	8449.222	Sadness
8458.454796	0.0	8449.222	Sadness
8459.183246	0.0	8449.222	Sadness
8459.539396	0.0	8449.222	Sadness
8467.724696	0.0	8466.6819	Attention
8467.732346	0.0	8466.6819	Attention
8467.733446	0.0	8466.6819	Attention
8467.961146	0.0	8466.6819	Attention
8468.325146	0.0	8466.6819	Attention
8468.385946	0.0	8466.6819	Attention
8468.386996	0.0	8466.6819	Attention
8468.388596	0.0	8466.6819	Attention
8468.389596	0.0	8466.6819	Attention
8468.390596	0.0	8466.6819	Attention
8468.392396	0.0	8466.6819	Attention
8468.559046	1.0	8466.6819	Attention
8468.618996	0.0	8466.6819	Attention
8468.621546	0.0	8466.6819	Attention
8468.622896	0.0	8466.6819	Attention
8468.624046	0.0	8466.6819	Attention
8468.660296	1.0	8466.6819	Attention
8468.838246	0.0	8466.6819	Attention
8468.839396	0.0	8466.6819	Attention
8468.840746	0.0	8466.6819	Attention
8469.007646	1.0	8466.6819	Attention
8469.226196	1.0	8466.6819	Attention
8470.196396	0.0	8466.6819	Attention
8470.197646	0.0	8466.6819	Attention
8470.198996	0.0	8466.6819	Attention
8470.427796	0.0	8466.6819	Attention
8470.429096	0.0	8466.6819	Attention
8470.430396	0.0	8466.6819	Attention
8470.431896	0.0	8466.6819	Attention
8470.433096	0.0	8466.6819	Attention
8470.434846	0.0	8466.6819	Attention
8470.581096	1.0	8466.6819	Attention
8470.640546	0.0	8466.6819	Attention
8470.642696	0.0	8466.6819	Attention
8470.643696	0.0	8466.6819	Attention
8470.646196	0.0	8466.6819	Attention
8470.648346	0.0	8466.6819	Attention
8470.816246	1.0	8466.6819	Attention
8470.847146	0.0	8466.6819	Attention
8470.849046	0.0	8466.6819	Attention
8470.853646	0.0	8466.6819	Attention
8471.044996	0.0	8466.6819	Attention
8471.046646	0.0	8466.6819	Attention
8471.048046	0.0	8466.6819	Attention
8471.049546	0.0	8466.6819	Attention
8471.050696	0.0	8466.6819	Attention
8471.235946	0.0	8466.6819	Attention
8471.238996	0.0	8466.6819	Attention
8471.240296	0.0	8466.6819	Attention
8471.241346	0.0	8466.6819	Attention
8471.242596	0.0	8466.6819	Attention
8471.446246	0.0	8466.6819	Attention
8471.447596	0.0	8466.6819	Attention
8471.448996	0.0	8466.6819	Attention
8471.453946	0.0	8466.6819	Attention
8472.855046	0.0	8466.6819	Attention
8472.856646	0.0	8466.6819	Attention
8472.859696	0.0	8466.6819	Attention
8473.083996	0.0	8466.6819	Attention
8473.085596	0.0	8466.6819	Attention
8473.239196	1.0	8466.6819	Attention
8473.307246	0.0	8466.6819	Attention
8473.308996	0.0	8466.6819	Attention
8473.310046	0.0	8466.6819	Attention
8473.312896	0.0	8466.6819	Attention
8473.313896	0.0	8466.6819	Attention
8473.528796	0.0	8466.6819	Attention
8473.529946	0.0	8466.6819	Attention
8473.531046	0.0	8466.6819	Attention
8473.532546	0.0	8466.6819	Attention
8473.533796	0.0	8466.6819	Attention
8473.733596	0.0	8466.6819	Attention
8473.735646	0.0	8466.6819	Attention
8473.737446	0.0	8466.6819	Attention
8473.738496	0.0	8466.6819	Attention
8473.739746	0.0	8466.6819	Attention
8473.740996	0.0	8466.6819	Attention
8473.917096	1.0	8466.6819	Attention
8473.944696	0.0	8466.6819	Attention
8473.945696	0.0	8466.6819	Attention
8473.947996	0.0	8466.6819	Attention
8473.950246	0.0	8466.6819	Attention
8474.122796	1.0	8466.6819	Attention
8474.156846	0.0	8466.6819	Attention
8474.158296	0.0	8466.6819	Attention
8474.160746	0.0	8466.6819	Attention
8474.162046	0.0	8466.6819	Attention
8474.163896	0.0	8466.6819	Attention
8474.165196	0.0	8466.6819	Attention
8474.551646	1.0	8466.6819	Attention
8475.831896	0.0	8466.6819	Attention
8475.832996	0.0	8466.6819	Attention
8475.840346	0.0	8466.6819	Attention
8475.978246	1.0	8466.6819	Attention
8476.051696	0.0	8466.6819	Attention
8476.053096	0.0	8466.6819	Attention
8476.221096	1.0	8466.6819	Attention
8476.263296	0.0	8466.6819	Attention
8476.264296	0.0	8466.6819	Attention
8476.265446	0.0	8466.6819	Attention
8476.266996	0.0	8466.6819	Attention
8476.268746	0.0	8466.6819	Attention
8476.473746	0.0	8466.6819	Attention
8476.474896	0.0	8466.6819	Attention
8476.475996	0.0	8466.6819	Attention
8476.477246	0.0	8466.6819	Attention
8476.478296	0.0	8466.6819	Attention
8476.479346	0.0	8466.6819	Attention
8476.681946	0.0	8466.6819	Attention
8476.684546	0.0	8466.6819	Attention
8476.685646	0.0	8466.6819	Attention
8476.686646	0.0	8466.6819	Attention
8476.687896	0.0	8466.6819	Attention
8476.863646	1.0	8466.6819	Attention
8476.915196	0.0	8466.6819	Attention
8476.916346	0.0	8466.6819	Attention
8477.074096	1.0	8466.6819	Attention
8481.392546	0.0	8466.6819	Attention
8483.148196	0.0	8466.6819	Attention
8483.990496	1.0	8466.6819	Attention
8690.149496	0.0	 	 
8700.138996	0.0	 	 
8700.171946	0.0	 	 
8701.721596	1.0	 	 
8702.050496	0.0	 	 
8702.051746	0.0	 	 
8702.052796	0.0	 	 
8702.446046	0.0	 	 
8703.020746	1.0	 	 
8704.315696	0.0	 	 
8704.628446	0.0	 	 
8704.632296	0.0	 	 
8704.634246	0.0	 	 
8704.636846	0.0	 	 
8704.687646	1.0	 	 
8705.097996	0.0	 	 
8705.550446	0.0	 	 
8705.898746	0.0	 	 
8706.322296	0.0	 	 
8706.556946	0.0	 	 
8706.577596	1.0	 	 
8706.885646	0.0	 	 
8707.037596	0.0	 	 
8707.108646	0.0	 	 
8707.118046	0.0	 	 
8707.129046	0.0	 	 
8707.142596	1.0	 	 
8707.190796	0.0	 	 
8707.528746	0.0	 	 
8707.755346	0.0	 	 
8707.870446	0.0	 	 
8707.963346	0.0	 	 
8708.583446	0.0	 	 
8708.589546	0.0	 	 
8708.931296	0.0	 	 
8709.460346	0.0	 	 
8709.771096	0.0	 	 
8709.773396	0.0	 	 
8709.861096	0.0	 	 
8709.967646	0.0	 	 
8709.985946	0.0	 	 
8709.989296	0.0	 	 
8710.159846	0.0	 	 
8710.359446	0.0	 	 
8710.596396	1.0	 	 
8711.001446	0.0	 	 
8711.180846	1.0	 	 
8711.583846	0.0	 	 
8712.584796	0.0	 	 
8712.596046	0.0	 	 
8712.900946	0.0	 	 
8713.480946	0.0	 	 
8715.503746	0.0	 	 
8715.505146	0.0	 	 
8715.602096	0.0	 	 
8715.767746	1.0	 	 
8719.540246	0.0	 	 
8719.544746	0.0	 	 
8719.823796	1.0	 	 
8721.376896	0.0	 	 
8723.989546	0.0	 	 
8724.832396	0.0	 	 
8728.788946	0.0	 	 
8731.197546	0.0	 	 
8731.947796	0.0	 	 
8732.615796	0.0	 	 
8740.460146	0.0	 	 
8747.701346	0.0	 	 
8747.750346	0.0	 	 
8747.751546	0.0	 	 
8752.008196	0.0	 	 
8752.013596	0.0	 	 
8758.084896	0.0	 	 
8768.602896	0.0	 	 
8769.334346	0.0	 	 
8778.177846	0.0	 	 
8778.181546	0.0	 	 
8784.504896	0.0	 	 
8784.904396	0.0	 	 
8785.216346	1.0	 	 
8786.603446	1.0	 	 
8786.842046	1.0	 	 
8789.875896	1.0	 	 
8791.098946	1.0	 	 
8791.398096	0.0	 	 
8791.697046	0.0	 	 
8791.699046	0.0	 	 
8792.536796	0.0	 	 
8792.577946	0.0	 	 
8792.619196	0.0	 	 
8792.620196	0.0	 	 
8793.296846	0.0	 	 
8793.433896	0.0	 	 
8795.216946	0.0	 	 
8795.220546	0.0	 	 
8795.348996	0.0	 	 
8795.352696	0.0	 	 
8795.506896	0.0	 	 
8795.507946	0.0	 	 
8795.938396	0.0	 	 
8795.997596	0.0	 	 
8798.541846	1.0	 	 
8799.115546	1.0	 	 
8810.517396	0.0	 	 
8811.714296	0.0	 	 
8811.720896	0.0	 	 
8815.758046	1.0	 	 
8816.899396	0.0	 	 
8816.902446	0.0	 	 
8817.071146	0.0	 	 
8818.431346	1.0	 	 
8818.645296	1.0	 	 
8818.967146	0.0	 	 
8819.470596	0.0	 	 
8820.586846	0.0	 	 
8821.170896	0.0	 	 
8821.178996	0.0	 	 
8821.220196	0.0	 	 
8821.397996	0.0	 	 
8821.749746	0.0	 	 
8822.995496	0.0	 	 
8823.001696	0.0	 	 
8823.971246	0.0	 	 
8824.029746	0.0	 	 
8824.051446	0.0	 	 
8826.481696	0.0	 	 
8836.555646	0.0	 	 
8836.557896	0.0	 	 
8837.120396	0.0	 	 
8841.103796	0.0	 	 
8850.153992	0.0	 	 
8860.443592	0.0	 	 
8860.503092	0.0	 	 
8860.600142	0.0	 	 
8877.254252	0.0	 	 
8877.257302	0.0	 	 
8877.259852	0.0	 	 
8877.275102	0.0	 	 
8877.510952	0.0	 	 
8880.027502	0.0	 	 
