 	Spike markers	 	 
Time	Value	Cmt Time	Cmt Text
s	V	s	 
2.2795	1.0	0.055	love
2.60155	1.0	0.055	love
2.60965	1.0	0.055	love
2.6187	1.0	0.055	love
2.62775	0.0	0.055	love
2.66185	1.0	0.055	love
2.68665	1.0	0.055	love
2.6923	1.0	0.055	love
2.7167	0.0	0.055	love
2.74765	1.0	0.055	love
2.7548	1.0	0.055	love
2.77875	1.0	0.055	love
2.78505	0.0	0.055	love
2.80315	1.0	0.055	love
2.83815	0.0	0.055	love
2.85255	1.0	0.055	love
2.89595	1.0	0.055	love
2.91795	1.0	0.055	love
2.93795	0.0	0.055	love
2.953	1.0	0.055	love
2.9598	0.0	0.055	love
2.97205	1.0	0.055	love
2.9806	1.0	0.055	love
3.0037	0.0	0.055	love
3.021	1.0	0.055	love
3.02455	1.0	0.055	love
3.03525	1.0	0.055	love
3.0792	0.0	0.055	love
3.0853	1.0	0.055	love
3.11435	1.0	0.055	love
3.20395	0.0	0.055	love
3.2197	1.0	0.055	love
3.24555	1.0	0.055	love
3.249	1.0	0.055	love
3.26	1.0	0.055	love
3.3124	1.0	0.055	love
3.3446	0.0	0.055	love
3.3694	1.0	0.055	love
3.43115	1.0	0.055	love
3.5565	1.0	0.055	love
3.6625	1.0	0.055	love
4.094	1.0	0.055	love
4.13785	0.0	0.055	love
8.552	1.0	0.055	love
8.60195	1.0	0.055	love
8.6446	1.0	0.055	love
8.72325	1.0	0.055	love
8.73955	1.0	0.055	love
8.78225	1.0	0.055	love
8.78715	1.0	0.055	love
8.79745	1.0	0.055	love
8.81095	1.0	0.055	love
8.84735	1.0	0.055	love
8.8617	1.0	0.055	love
8.86785	0.0	0.055	love
8.8728	1.0	0.055	love
8.9063	0.0	0.055	love
8.9277	1.0	0.055	love
8.9401	1.0	0.055	love
8.94975	0.0	0.055	love
8.96685	0.0	0.055	love
8.99325	1.0	0.055	love
9.0156	1.0	0.055	love
9.0219	1.0	0.055	love
9.04215	1.0	0.055	love
9.0554	1.0	0.055	love
9.06385	1.0	0.055	love
9.0792	1.0	0.055	love
9.0937	1.0	0.055	love
9.1061	1.0	0.055	love
9.1154	1.0	0.055	love
9.1422	1.0	0.055	love
9.15735	1.0	0.055	love
9.17485	1.0	0.055	love
9.2024	0.0	0.055	love
9.2209	0.0	0.055	love
9.2265	1.0	0.055	love
9.2317	1.0	0.055	love
9.2419	1.0	0.055	love
9.25535	1.0	0.055	love
9.2742	1.0	0.055	love
9.2822	1.0	0.055	love
9.3053	0.0	0.055	love
9.31225	1.0	0.055	love
9.4007	0.0	0.055	love
9.40685	1.0	0.055	love
9.4521	1.0	0.055	love
9.4559	1.0	0.055	love
9.53855	1.0	0.055	love
9.55815	1.0	0.055	love
9.57405	1.0	0.055	love
9.5944	1.0	0.055	love
13.4111	1.0	12.215	love
13.4361	1.0	12.215	love
13.452	1.0	12.215	love
13.4738	1.0	12.215	love
13.5135	0.0	12.215	love
13.522	1.0	12.215	love
13.5345	1.0	12.215	love
13.54105	0.0	12.215	love
13.54655	1.0	12.215	love
13.55655	1.0	12.215	love
13.57625	1.0	12.215	love
13.5833	1.0	12.215	love
13.5927	1.0	12.215	love
13.5993	1.0	12.215	love
13.61135	1.0	12.215	love
13.6209	1.0	12.215	love
13.62925	1.0	12.215	love
13.6466	0.0	12.215	love
13.667	1.0	12.215	love
13.68375	1.0	12.215	love
13.69975	0.0	12.215	love
13.7285	1.0	12.215	love
13.81795	1.0	12.215	love
13.83355	1.0	12.215	love
13.83815	0.0	12.215	love
13.861	0.0	12.215	love
13.89435	1.0	12.215	love
13.9114	1.0	12.215	love
13.9254	1.0	12.215	love
13.94205	1.0	12.215	love
14.0026	1.0	12.215	love
14.0442	1.0	12.215	love
14.0553	1.0	12.215	love
14.10795	1.0	12.215	love
14.12365	1.0	12.215	love
14.1303	1.0	12.215	love
14.13645	1.0	12.215	love
14.15345	0.0	12.215	love
14.17265	0.0	12.215	love
14.19565	1.0	12.215	love
14.2147	1.0	12.215	love
14.29675	0.0	12.215	love
14.37575	1.0	12.215	love
14.40085	1.0	12.215	love
14.4371	0.0	12.215	love
14.4908	1.0	12.215	love
14.5141	0.0	12.215	love
14.5748	0.0	12.215	love
14.62835	1.0	12.215	love
14.65195	1.0	12.215	love
14.7351	1.0	12.215	love
14.7864	1.0	12.215	love
18.9121	1.0	12.215	love
18.93385	1.0	12.215	love
18.97225	1.0	12.215	love
18.99275	1.0	12.215	love
19.0143	1.0	12.215	love
19.03935	1.0	12.215	love
19.0553	0.0	12.215	love
19.07875	1.0	12.215	love
19.1155	1.0	12.215	love
19.1335	1.0	12.215	love
19.15845	1.0	12.215	love
19.19165	1.0	12.215	love
19.21235	0.0	12.215	love
19.22205	0.0	12.215	love
19.2335	1.0	12.215	love
19.2568	0.0	12.215	love
19.34825	1.0	12.215	love
19.37165	1.0	12.215	love
19.39385	0.0	12.215	love
19.40765	0.0	12.215	love
19.4851	1.0	12.215	love
19.48995	1.0	12.215	love
19.583	1.0	12.215	love
19.62395	1.0	12.215	love
19.69265	1.0	12.215	love
19.70825	1.0	12.215	love
19.73385	1.0	12.215	love
19.78035	1.0	12.215	love
19.7934	1.0	12.215	love
19.8104	1.0	12.215	love
19.84395	0.0	12.215	love
19.97525	1.0	12.215	love
19.9917	1.0	12.215	love
20.00985	0.0	12.215	love
20.04595	1.0	12.215	love
20.0508	1.0	12.215	love
20.08305	1.0	12.215	love
20.1006	1.0	12.215	love
20.1097	1.0	12.215	love
20.2285	0.0	12.215	love
20.32285	0.0	12.215	love
20.4013	1.0	12.215	love
20.4256	1.0	12.215	love
26.7781	1.0	24.25	attention
26.7826	1.0	24.25	attention
26.7984	1.0	24.25	attention
26.8045	0.0	24.25	attention
26.8997	1.0	24.25	attention
27.01685	0.0	24.25	attention
27.1414	1.0	24.25	attention
27.1974	1.0	24.25	attention
27.20145	1.0	24.25	attention
27.21865	0.0	24.25	attention
27.227	1.0	24.25	attention
27.3785	0.0	24.25	attention
27.38575	0.0	24.25	attention
27.39565	1.0	24.25	attention
27.4067	1.0	24.25	attention
27.41675	1.0	24.25	attention
27.57855	1.0	24.25	attention
28.40185	1.0	24.25	attention
28.4162	0.0	24.25	attention
28.42485	1.0	24.25	attention
28.46005	0.0	24.25	attention
28.466	1.0	24.25	attention
28.5044	1.0	24.25	attention
28.59655	1.0	24.25	attention
28.6006	1.0	24.25	attention
28.6203	0.0	24.25	attention
28.6533	1.0	24.25	attention
28.6596	1.0	24.25	attention
28.79305	0.0	24.25	attention
28.8144	1.0	24.25	attention
28.84335	0.0	24.25	attention
29.02335	0.0	24.25	attention
29.1435	1.0	24.25	attention
29.16895	1.0	24.25	attention
29.17865	0.0	24.25	attention
29.18325	1.0	24.25	attention
30.41685	1.0	24.25	attention
30.4322	1.0	24.25	attention
30.45705	1.0	24.25	attention
30.6148	1.0	24.25	attention
30.6231	0.0	24.25	attention
30.63815	0.0	24.25	attention
30.64295	1.0	24.25	attention
30.6614	0.0	24.25	attention
30.817	0.0	24.25	attention
30.86115	0.0	24.25	attention
31.0123	0.0	24.25	attention
31.0432	1.0	24.25	attention
31.05425	1.0	24.25	attention
31.17325	1.0	24.25	attention
31.1789	1.0	24.25	attention
31.22165	1.0	24.25	attention
31.2393	1.0	24.25	attention
32.45395	1.0	24.25	attention
32.6236	1.0	24.25	attention
32.6329	1.0	24.25	attention
32.6577	0.0	24.25	attention
32.66175	1.0	24.25	attention
32.6832	0.0	24.25	attention
32.82295	1.0	24.25	attention
32.8268	1.0	24.25	attention
32.8505	0.0	24.25	attention
32.85595	1.0	24.25	attention
32.8733	1.0	24.25	attention
33.0717	1.0	24.25	attention
33.0787	1.0	24.25	attention
37.9604	1.0	36.43	calming
37.9811	1.0	36.43	calming
38.00735	1.0	36.43	calming
38.0721	1.0	36.43	calming
38.16765	1.0	36.43	calming
38.19795	1.0	36.43	calming
38.23975	0.0	36.43	calming
38.247	1.0	36.43	calming
38.2895	0.0	36.43	calming
38.3524	1.0	36.43	calming
38.3559	1.0	36.43	calming
38.4333	0.0	36.43	calming
38.53425	0.0	36.43	calming
38.5715	1.0	36.43	calming
38.73045	1.0	36.43	calming
38.78445	1.0	36.43	calming
38.7897	0.0	36.43	calming
38.80825	0.0	36.43	calming
38.8211	1.0	36.43	calming
38.85545	1.0	36.43	calming
38.9003	1.0	36.43	calming
38.9279	0.0	36.43	calming
38.95015	0.0	36.43	calming
38.97475	1.0	36.43	calming
38.9982	1.0	36.43	calming
39.01535	1.0	36.43	calming
39.0554	1.0	36.43	calming
39.0937	1.0	36.43	calming
39.17245	1.0	36.43	calming
39.3753	1.0	36.43	calming
39.53695	1.0	36.43	calming
39.61635	0.0	36.43	calming
39.73715	0.0	36.43	calming
39.7678	1.0	36.43	calming
39.884	1.0	36.43	calming
39.905	1.0	36.43	calming
39.93915	0.0	36.43	calming
39.9489	1.0	36.43	calming
40.06095	1.0	36.43	calming
40.11095	0.0	36.43	calming
40.12075	1.0	36.43	calming
40.21725	1.0	36.43	calming
40.30015	1.0	36.43	calming
40.3787	0.0	36.43	calming
40.44765	1.0	36.43	calming
40.46125	1.0	36.43	calming
40.4772	1.0	36.43	calming
40.50465	1.0	36.43	calming
40.51765	1.0	36.43	calming
40.52385	1.0	36.43	calming
40.5576	1.0	36.43	calming
40.5716	1.0	36.43	calming
40.57815	1.0	36.43	calming
40.58865	1.0	36.43	calming
40.60025	1.0	36.43	calming
40.60655	1.0	36.43	calming
40.6219	1.0	36.43	calming
40.6284	1.0	36.43	calming
40.65895	1.0	36.43	calming
40.6731	1.0	36.43	calming
40.70925	1.0	36.43	calming
40.72505	1.0	36.43	calming
40.73675	1.0	36.43	calming
40.7539	1.0	36.43	calming
40.77655	1.0	36.43	calming
40.78955	0.0	36.43	calming
40.80695	0.0	36.43	calming
40.8215	1.0	36.43	calming
40.86145	1.0	36.43	calming
40.877	1.0	36.43	calming
40.8988	1.0	36.43	calming
40.9223	1.0	36.43	calming
40.93395	1.0	36.43	calming
40.95345	0.0	36.43	calming
40.97675	1.0	36.43	calming
41.02905	1.0	36.43	calming
41.03315	1.0	36.43	calming
41.11705	0.0	36.43	calming
41.12745	1.0	36.43	calming
41.1842	1.0	36.43	calming
41.206	0.0	36.43	calming
41.22395	1.0	36.43	calming
41.2465	1.0	36.43	calming
41.31415	1.0	36.43	calming
41.34915	1.0	36.43	calming
41.3707	0.0	36.43	calming
41.39695	1.0	36.43	calming
41.4323	1.0	36.43	calming
41.456	1.0	36.43	calming
41.48225	1.0	36.43	calming
41.49825	0.0	36.43	calming
41.55335	1.0	36.43	calming
41.5722	1.0	36.43	calming
41.60815	1.0	36.43	calming
41.6251	1.0	36.43	calming
41.6318	1.0	36.43	calming
41.65135	0.0	36.43	calming
41.684	1.0	36.43	calming
41.6915	1.0	36.43	calming
41.7124	0.0	36.43	calming
43.21455	1.0	36.43	calming
43.5528	1.0	36.43	calming
43.58875	1.0	36.43	calming
43.7845	1.0	36.43	calming
43.79925	1.0	36.43	calming
43.8858	1.0	36.43	calming
43.9177	1.0	36.43	calming
44.0309	0.0	36.43	calming
44.08985	0.0	36.43	calming
44.1531	0.0	36.43	calming
44.19575	1.0	36.43	calming
44.27005	1.0	36.43	calming
44.2889	1.0	36.43	calming
44.3162	1.0	36.43	calming
44.33145	0.0	36.43	calming
44.37205	1.0	36.43	calming
44.40915	1.0	36.43	calming
44.4222	1.0	36.43	calming
44.5171	0.0	36.43	calming
44.5367	1.0	36.43	calming
44.6175	1.0	36.43	calming
44.69825	1.0	36.43	calming
44.90815	1.0	36.43	calming
44.97755	0.0	36.43	calming
45.02595	1.0	36.43	calming
45.04675	1.0	36.43	calming
45.07425	1.0	36.43	calming
45.08075	1.0	36.43	calming
45.08745	0.0	36.43	calming
45.09575	1.0	36.43	calming
45.10995	1.0	36.43	calming
45.13085	1.0	36.43	calming
45.1486	0.0	36.43	calming
45.1855	1.0	36.43	calming
45.1923	1.0	36.43	calming
45.2018	1.0	36.43	calming
45.20695	1.0	36.43	calming
45.2798	1.0	36.43	calming
45.2962	0.0	36.43	calming
45.3441	1.0	36.43	calming
45.3552	1.0	36.43	calming
45.3903	1.0	36.43	calming
45.3991	1.0	36.43	calming
45.42625	1.0	36.43	calming
45.43375	1.0	36.43	calming
45.44255	1.0	36.43	calming
45.47425	1.0	36.43	calming
45.51205	0.0	36.43	calming
45.55165	1.0	36.43	calming
45.6088	0.0	36.43	calming
45.62945	1.0	36.43	calming
45.6361	1.0	36.43	calming
45.65975	1.0	36.43	calming
45.7113	1.0	36.43	calming
45.75355	1.0	36.43	calming
45.77035	0.0	36.43	calming
45.79955	1.0	36.43	calming
45.8409	1.0	36.43	calming
45.8481	1.0	36.43	calming
45.8551	1.0	36.43	calming
45.8962	1.0	36.43	calming
45.93345	0.0	36.43	calming
46.05575	1.0	36.43	calming
46.11035	0.0	36.43	calming
46.12575	1.0	36.43	calming
46.1489	1.0	36.43	calming
46.1976	1.0	36.43	calming
46.2111	1.0	36.43	calming
46.2899	1.0	36.43	calming
46.3137	1.0	36.43	calming
46.33035	1.0	36.43	calming
46.3943	0.0	36.43	calming
46.4889	1.0	36.43	calming
46.5911	1.0	36.43	calming
46.60545	1.0	36.43	calming
46.6095	1.0	36.43	calming
46.7328	0.0	36.43	calming
46.768	1.0	36.43	calming
46.8171	0.0	36.43	calming
46.8444	1.0	36.43	calming
46.90845	1.0	36.43	calming
47.00885	1.0	36.43	calming
47.1204	1.0	36.43	calming
47.2512	1.0	36.43	calming
47.3317	1.0	36.43	calming
48.7514	1.0	36.43	calming
48.77195	1.0	36.43	calming
49.13085	1.0	36.43	calming
49.27895	1.0	36.43	calming
49.41155	1.0	36.43	calming
49.4505	1.0	36.43	calming
49.53245	1.0	36.43	calming
49.60145	1.0	36.43	calming
49.63205	1.0	36.43	calming
49.64205	1.0	36.43	calming
49.67105	0.0	36.43	calming
49.6866	1.0	36.43	calming
49.7045	1.0	36.43	calming
49.70865	1.0	36.43	calming
49.7435	1.0	36.43	calming
49.7588	1.0	36.43	calming
49.77635	1.0	36.43	calming
49.7942	1.0	36.43	calming
49.8063	1.0	36.43	calming
49.818	1.0	36.43	calming
49.88665	1.0	36.43	calming
49.93185	0.0	36.43	calming
49.97225	1.0	36.43	calming
49.97575	1.0	36.43	calming
50.0235	1.0	36.43	calming
50.03185	1.0	36.43	calming
50.03805	1.0	36.43	calming
50.06805	1.0	36.43	calming
50.0746	1.0	36.43	calming
50.1333	0.0	36.43	calming
50.15715	1.0	36.43	calming
50.1704	0.0	36.43	calming
50.1757	0.0	36.43	calming
50.2456	0.0	36.43	calming
50.3514	1.0	36.43	calming
50.36125	1.0	36.43	calming
50.38005	1.0	36.43	calming
50.4909	1.0	36.43	calming
50.499	1.0	36.43	calming
50.5071	1.0	36.43	calming
50.5754	1.0	36.43	calming
50.59615	1.0	36.43	calming
50.62865	0.0	36.43	calming
50.7198	1.0	36.43	calming
50.73345	1.0	36.43	calming
50.7456	1.0	36.43	calming
50.7504	0.0	36.43	calming
50.79295	0.0	36.43	calming
50.82815	1.0	36.43	calming
50.8694	1.0	36.43	calming
50.9143	1.0	36.43	calming
50.9333	0.0	36.43	calming
50.94465	1.0	36.43	calming
50.9549	1.0	36.43	calming
50.97305	0.0	36.43	calming
51.01035	1.0	36.43	calming
51.02825	1.0	36.43	calming
51.0702	1.0	36.43	calming
51.0993	1.0	36.43	calming
51.11535	1.0	36.43	calming
51.1301	1.0	36.43	calming
51.1648	0.0	36.43	calming
51.2305	1.0	36.43	calming
51.25635	1.0	36.43	calming
51.2905	0.0	36.43	calming
51.35205	1.0	36.43	calming
51.4277	1.0	36.43	calming
51.46895	1.0	36.43	calming
51.5136	1.0	36.43	calming
51.53065	1.0	36.43	calming
51.565	0.0	36.43	calming
51.6505	1.0	36.43	calming
51.79065	1.0	36.43	calming
51.80625	1.0	36.43	calming
51.8369	1.0	36.43	calming
51.8535	1.0	36.43	calming
51.889	1.0	36.43	calming
51.9155	0.0	36.43	calming
51.9213	1.0	36.43	calming
51.942	1.0	36.43	calming
51.95805	1.0	36.43	calming
52.0215	1.0	36.43	calming
52.04065	1.0	36.43	calming
52.0669	1.0	36.43	calming
52.0872	1.0	36.43	calming
52.0971	1.0	36.43	calming
52.14075	1.0	36.43	calming
52.16485	1.0	36.43	calming
52.1939	0.0	36.43	calming
52.27215	1.0	36.43	calming
52.28695	1.0	36.43	calming
52.3096	1.0	36.43	calming
52.4131	1.0	36.43	calming
52.45375	1.0	36.43	calming
56.3317	0.0	55.6	gratitude
56.41395	1.0	55.6	gratitude
56.44605	1.0	55.6	gratitude
56.5473	1.0	55.6	gratitude
56.58435	1.0	55.6	gratitude
56.5924	0.0	55.6	gratitude
56.6063	1.0	55.6	gratitude
57.16785	1.0	55.6	gratitude
57.989	0.0	55.6	gratitude
58.03105	1.0	55.6	gratitude
58.1891	1.0	55.6	gratitude
58.32805	1.0	55.6	gratitude
59.42825	1.0	55.6	gratitude
59.44415	1.0	55.6	gratitude
61.0887	1.0	55.6	gratitude
61.12805	0.0	55.6	gratitude
61.1516	1.0	55.6	gratitude
61.2106	0.0	55.6	gratitude
61.2312	1.0	55.6	gratitude
61.44925	1.0	55.6	gratitude
62.8841	1.0	55.6	gratitude
62.89955	1.0	55.6	gratitude
62.92655	1.0	55.6	gratitude
62.9441	1.0	55.6	gratitude
63.00115	1.0	55.6	gratitude
64.55255	1.0	55.6	gratitude
64.57675	0.0	55.6	gratitude
68.22195	1.0	67.6675	sadness
68.24285	1.0	67.6675	sadness
68.2935	1.0	67.6675	sadness
68.30535	1.0	67.6675	sadness
68.403	1.0	67.6675	sadness
68.44215	1.0	67.6675	sadness
70.4171	1.0	67.6675	sadness
70.6614	1.0	67.6675	sadness
70.6831	0.0	67.6675	sadness
70.69445	1.0	67.6675	sadness
70.7742	1.0	67.6675	sadness
71.29885	1.0	67.6675	sadness
71.5966	1.0	67.6675	sadness
72.8743	1.0	67.6675	sadness
73.1951	1.0	67.6675	sadness
73.37215	1.0	67.6675	sadness
73.49205	1.0	67.6675	sadness
73.5325	1.0	67.6675	sadness
73.6696	1.0	67.6675	sadness
74.0167	0.0	67.6675	sadness
74.0953	1.0	67.6675	sadness
74.1281	1.0	67.6675	sadness
74.1509	1.0	67.6675	sadness
74.1779	1.0	67.6675	sadness
74.2326	1.0	67.6675	sadness
75.27165	1.0	67.6675	sadness
75.57005	1.0	67.6675	sadness
75.6306	0.0	67.6675	sadness
75.73025	1.0	67.6675	sadness
76.04825	1.0	67.6675	sadness
76.07385	1.0	67.6675	sadness
76.17195	1.0	67.6675	sadness
76.549	1.0	67.6675	sadness
77.1279	1.0	67.6675	sadness
77.3332	1.0	67.6675	sadness
77.35245	1.0	67.6675	sadness
77.4097	1.0	67.6675	sadness
77.4275	1.0	67.6675	sadness
77.4344	0.0	67.6675	sadness
77.46355	1.0	67.6675	sadness
77.4738	1.0	67.6675	sadness
77.53475	0.0	67.6675	sadness
77.54325	1.0	67.6675	sadness
77.5512	1.0	67.6675	sadness
77.56175	1.0	67.6675	sadness
84.12755	0.0	83.0825	happy
84.14365	1.0	83.0825	happy
84.15935	0.0	83.0825	happy
84.345	1.0	83.0825	happy
84.4242	1.0	83.0825	happy
84.4369	1.0	83.0825	happy
84.4423	0.0	83.0825	happy
84.552	1.0	83.0825	happy
84.6849	0.0	83.0825	happy
84.70175	1.0	83.0825	happy
84.7116	1.0	83.0825	happy
84.7295	1.0	83.0825	happy
84.73885	1.0	83.0825	happy
84.7521	1.0	83.0825	happy
84.75745	1.0	83.0825	happy
85.1621	1.0	83.0825	happy
85.1665	1.0	83.0825	happy
85.18255	1.0	83.0825	happy
85.19165	1.0	83.0825	happy
85.4022	1.0	83.0825	happy
85.4061	1.0	83.0825	happy
85.5441	0.0	83.0825	happy
85.5478	1.0	83.0825	happy
85.56355	0.0	83.0825	happy
85.5696	1.0	83.0825	happy
85.58235	1.0	83.0825	happy
85.60275	1.0	83.0825	happy
85.7769	1.0	83.0825	happy
85.7885	1.0	83.0825	happy
85.7977	1.0	83.0825	happy
85.8027	0.0	83.0825	happy
85.9475	1.0	83.0825	happy
85.9931	1.0	83.0825	happy
85.9986	1.0	83.0825	happy
86.01015	1.0	83.0825	happy
86.0163	0.0	83.0825	happy
86.0279	0.0	83.0825	happy
86.034	0.0	83.0825	happy
86.0394	1.0	83.0825	happy
86.0473	0.0	83.0825	happy
86.0597	1.0	83.0825	happy
86.3017	1.0	83.0825	happy
86.3206	1.0	83.0825	happy
86.34195	0.0	83.0825	happy
86.6237	1.0	83.0825	happy
86.6399	1.0	83.0825	happy
86.6546	0.0	83.0825	happy
86.8037	1.0	83.0825	happy
86.8213	1.0	83.0825	happy
86.84385	1.0	83.0825	happy
86.86685	0.0	83.0825	happy
86.88865	1.0	83.0825	happy
86.89455	1.0	83.0825	happy
87.0245	1.0	83.0825	happy
87.0699	1.0	83.0825	happy
87.0829	1.0	83.0825	happy
87.0866	1.0	83.0825	happy
87.108	0.0	83.0825	happy
87.3873	1.0	83.0825	happy
87.4261	1.0	83.0825	happy
87.4602	0.0	83.0825	happy
87.4662	1.0	83.0825	happy
87.4707	1.0	83.0825	happy
87.4764	1.0	83.0825	happy
87.4823	1.0	83.0825	happy
87.5276	1.0	83.0825	happy
87.54995	0.0	83.0825	happy
87.5562	1.0	83.0825	happy
87.56005	0.0	83.0825	happy
87.5794	1.0	83.0825	happy
87.602	1.0	83.0825	happy
87.62905	0.0	83.0825	happy
87.74425	1.0	83.0825	happy
87.7623	1.0	83.0825	happy
87.7741	1.0	83.0825	happy
87.7806	0.0	83.0825	happy
87.89955	1.0	83.0825	happy
87.90375	1.0	83.0825	happy
87.9085	1.0	83.0825	happy
87.96885	0.0	83.0825	happy
87.9749	1.0	83.0825	happy
87.9986	1.0	83.0825	happy
88.09865	1.0	83.0825	happy
88.1028	1.0	83.0825	happy
88.10655	1.0	83.0825	happy
88.119	1.0	83.0825	happy
88.12925	1.0	83.0825	happy
88.1356	1.0	83.0825	happy
88.14045	1.0	83.0825	happy
88.14655	1.0	83.0825	happy
88.15355	1.0	83.0825	happy
88.1621	0.0	83.0825	happy
88.1753	1.0	83.0825	happy
88.18645	1.0	83.0825	happy
88.22215	0.0	83.0825	happy
88.22685	1.0	83.0825	happy
88.24145	1.0	83.0825	happy
88.2528	1.0	83.0825	happy
88.28195	0.0	83.0825	happy
88.29045	1.0	83.0825	happy
88.463	1.0	83.0825	happy
88.4795	1.0	83.0825	happy
88.48425	1.0	83.0825	happy
88.4876	1.0	83.0825	happy
88.50415	0.0	83.0825	happy
88.50905	1.0	83.0825	happy
88.5306	1.0	83.0825	happy
88.6477	0.0	83.0825	happy
88.78435	0.0	83.0825	happy
88.8077	1.0	83.0825	happy
88.82355	1.0	83.0825	happy
88.8321	1.0	83.0825	happy
88.84115	0.0	83.0825	happy
88.96205	1.0	83.0825	happy
88.9831	1.0	83.0825	happy
89.00505	1.0	83.0825	happy
89.06705	1.0	83.0825	happy
89.10965	1.0	83.0825	happy
89.13405	1.0	83.0825	happy
89.1384	1.0	83.0825	happy
89.1428	1.0	83.0825	happy
89.16425	0.0	83.0825	happy
89.1736	0.0	83.0825	happy
89.1858	1.0	83.0825	happy
89.19695	1.0	83.0825	happy
89.2057	1.0	83.0825	happy
89.21185	0.0	83.0825	happy
89.2192	1.0	83.0825	happy
89.2264	0.0	83.0825	happy
89.23275	1.0	83.0825	happy
89.2374	1.0	83.0825	happy
89.258	1.0	83.0825	happy
89.2634	1.0	83.0825	happy
89.2911	1.0	83.0825	happy
89.2958	1.0	83.0825	happy
89.31385	1.0	83.0825	happy
89.3235	1.0	83.0825	happy
89.342	1.0	83.0825	happy
89.3499	0.0	83.0825	happy
89.36045	1.0	83.0825	happy
89.44455	1.0	83.0825	happy
89.5065	1.0	83.0825	happy
89.54395	0.0	83.0825	happy
89.5627	1.0	83.0825	happy
89.56795	1.0	83.0825	happy
89.58795	1.0	83.0825	happy
89.5981	1.0	83.0825	happy
89.61625	1.0	83.0825	happy
89.7083	1.0	83.0825	happy
89.84035	1.0	83.0825	happy
89.85215	1.0	83.0825	happy
89.87685	0.0	83.0825	happy
89.8862	1.0	83.0825	happy
89.89485	1.0	83.0825	happy
89.90095	1.0	83.0825	happy
89.90625	0.0	83.0825	happy
90.0419	1.0	83.0825	happy
90.0614	1.0	83.0825	happy
90.10145	1.0	83.0825	happy
90.2853	1.0	83.0825	happy
90.30045	1.0	83.0825	happy
90.30655	1.0	83.0825	happy
90.60115	0.0	83.0825	happy
90.61615	1.0	83.0825	happy
90.621	0.0	83.0825	happy
90.6363	0.0	83.0825	happy
90.6476	1.0	83.0825	happy
90.7256	1.0	83.0825	happy
90.74025	0.0	83.0825	happy
90.74425	1.0	83.0825	happy
90.7731	1.0	83.0825	happy
90.9178	1.0	83.0825	happy
90.92545	0.0	83.0825	happy
90.9312	1.0	83.0825	happy
90.93975	1.0	83.0825	happy
91.11445	1.0	83.0825	happy
91.1181	1.0	83.0825	happy
91.12465	1.0	83.0825	happy
91.1641	1.0	83.0825	happy
91.182	1.0	83.0825	happy
91.19675	1.0	83.0825	happy
91.20345	1.0	83.0825	happy
91.21095	1.0	83.0825	happy
91.21685	1.0	83.0825	happy
91.2212	1.0	83.0825	happy
91.23055	1.0	83.0825	happy
91.23495	1.0	83.0825	happy
91.24145	1.0	83.0825	happy
91.24905	1.0	83.0825	happy
91.25505	1.0	83.0825	happy
91.2589	0.0	83.0825	happy
91.29225	1.0	83.0825	happy
91.2958	1.0	83.0825	happy
91.3032	1.0	83.0825	happy
91.31075	1.0	83.0825	happy
91.3188	0.0	83.0825	happy
91.32475	1.0	83.0825	happy
91.33125	1.0	83.0825	happy
91.34065	0.0	83.0825	happy
91.3498	1.0	83.0825	happy
91.5973	0.0	83.0825	happy
91.60485	0.0	83.0825	happy
91.62405	1.0	83.0825	happy
91.6436	0.0	83.0825	happy
91.68015	0.0	83.0825	happy
91.70445	1.0	83.0825	happy
91.725	1.0	83.0825	happy
91.7466	1.0	83.0825	happy
91.756	1.0	83.0825	happy
91.83815	1.0	83.0825	happy
91.84285	1.0	83.0825	happy
91.8603	0.0	83.0825	happy
91.87245	1.0	83.0825	happy
91.8846	1.0	83.0825	happy
91.90065	0.0	83.0825	happy
91.92685	1.0	83.0825	happy
92.0848	1.0	83.0825	happy
92.1002	0.0	83.0825	happy
92.1018	1.0	83.0825	happy
92.11755	1.0	83.0825	happy
92.1215	1.0	83.0825	happy
92.12865	1.0	83.0825	happy
92.3825	0.0	83.0825	happy
92.3957	1.0	83.0825	happy
92.39975	1.0	83.0825	happy
92.40435	1.0	83.0825	happy
92.40985	1.0	83.0825	happy
92.417	1.0	83.0825	happy
92.46	1.0	83.0825	happy
94.84125	1.0	83.0825	happy
